1000 3988
0 161 63
0 326 85
0 423 97
0 583 83
0 908 52
0 306 50
0 437 53
0 886 7
0 154 33
0 670 52
1 581 58
1 5 9
1 268 64
1 109 63
1 784 93
1 854 20
1 447 63
2 96 24
2 97 67
2 736 58
2 900 20
2 744 24
2 681 40
2 206 4
2 687 66
2 794 10
2 156 62
3 64 95
3 706 38
3 298 10
3 139 11
3 716 23
3 957 1
3 144 35
3 975 74
3 434 14
3 214 12
3 984 21
3 537 98
3 572 18
3 605 39
4 835 10
4 164 78
4 783 20
4 183 35
4 923 64
4 508 39
5 1 9
5 487 27
5 649 97
5 562 76
5 660 35
5 410 7
5 541 99
6 547 98
6 645 89
6 137 96
6 777 83
6 43 40
6 303 89
6 87 89
6 380 64
6 606 89
6 607 13
7 696 45
7 433 81
7 595 75
7 597 26
7 471 72
7 888 17
7 601 48
7 927 69
8 242 52
8 605 52
8 996 97
8 853 52
9 609 69
9 555 23
9 398 52
9 207 71
9 923 3
10 393 3
10 682 12
10 586 56
10 444 21
10 636 67
10 797 60
11 165 11
11 198 30
11 522 66
11 12 35
11 332 12
11 886 78
11 829 87
12 800 69
12 98 42
12 708 98
12 744 37
12 11 35
12 889 33
13 223 79
13 101 28
13 144 100
13 946 18
13 628 95
13 58 83
13 93 18
13 447 37
14 128 89
14 425 11
14 555 9
14 748 70
14 176 32
14 80 33
14 666 10
14 154 35
15 609 96
15 225 34
15 939 48
15 334 75
15 655 13
15 240 52
15 566 80
16 769 94
16 802 46
16 361 51
16 845 3
16 526 92
16 242 15
16 376 43
16 538 73
16 891 39
17 544 53
17 801 31
17 650 54
17 42 29
17 717 35
17 621 62
17 18 38
17 851 57
18 130 16
18 132 22
18 102 51
18 17 38
18 435 4
18 343 68
18 157 65
19 99 29
19 675 84
19 326 99
19 594 46
19 404 73
19 246 2
20 64 59
20 617 89
20 490 41
20 268 51
20 336 12
20 434 96
20 50 36
20 53 2
20 635 39
20 413 83
21 482 21
21 969 50
21 433 86
21 116 17
21 152 31
21 477 10
21 383 27
22 130 78
22 322 40
22 164 24
22 870 81
22 73 86
22 56 14
23 424 26
23 865 14
23 522 58
23 43 98
24 867 44
24 167 38
24 650 73
24 780 65
24 941 58
24 206 33
24 243 88
24 726 46
24 286 70
25 128 11
25 100 40
25 293 86
25 266 44
25 988 70
25 590 94
25 494 7
25 55 72
25 476 33
26 482 14
26 455 50
26 459 84
26 300 46
26 397 63
26 814 17
26 173 89
27 728 19
27 554 42
27 367 87
28 482 20
28 773 63
28 489 42
28 108 88
28 279 23
28 760 7
28 58 59
28 62 64
29 130 8
29 741 33
29 135 70
29 40 10
29 368 26
29 562 79
29 595 15
29 735 50
29 569 8
29 380 11
29 671 53
30 838 72
30 806 98
30 776 36
30 529 42
30 147 49
30 83 71
30 437 7
30 918 20
30 852 13
30 59 95
30 511 87
31 392 45
31 429 94
31 112 21
31 307 56
31 115 53
32 961 36
32 386 21
32 579 100
32 740 98
32 612 61
32 993 86
32 135 95
32 113 58
32 563 16
32 979 49
32 152 23
32 985 14
32 477 25
33 857 34
33 946 48
33 132 91
33 548 81
34 473 19
34 431 12
34 209 79
34 277 98
34 55 36
34 377 18
34 413 11
35 37 41
35 953 11
35 523 58
35 747 10
35 589 51
35 267 23
35 557 45
35 272 14
35 595 67
35 926 24
35 157 64
35 822 54
35 825 96
35 731 76
35 317 25
35 889 19
36 993 57
36 133 96
36 169 27
36 748 69
36 974 52
36 462 68
36 658 98
36 659 89
36 539 10
37 35 41
37 775 81
37 777 71
37 753 65
37 212 77
37 948 10
37 793 85
37 732 35
38 224 16
38 514 43
38 135 34
38 809 35
38 876 59
38 917 32
39 835 81
39 419 40
39 558 83
39 622 67
39 531 79
39 54 50
39 695 94
39 411 63
39 508 73
40 129 31
40 962 39
40 837 16
40 621 46
40 925 72
40 500 75
40 29 10
40 511 92
41 971 92
41 798 17
41 703 49
42 98 83
42 663 33
42 139 77
42 141 58
42 17 29
42 119 5
42 827 72
42 60 89
43 576 100
43 923 3
43 6 40
43 73 37
43 459 73
43 396 2
43 557 25
43 974 24
43 23 98
43 571 5
43 830 100
44 579 68
44 263 11
44 362 84
44 75 80
44 175 79
44 48 17
44 209 60
44 372 69
44 276 6
44 534 66
44 93 88
45 712 49
45 81 62
45 129 45
45 423 58
46 641 14
46 652 80
46 813 33
46 728 54
46 283 50
47 640 47
47 546 33
47 645 55
47 426 84
47 179 27
47 660 48
47 821 83
47 251 94
47 62 52
48 800 76
48 352 14
48 448 49
48 452 17
48 510 47
48 776 96
48 44 17
48 461 42
48 178 48
48 120 49
48 94 12
49 449 16
49 423 80
49 328 83
49 233 52
49 494 74
49 339 42
49 863 74
50 355 39
50 583 60
50 925 46
50 20 36
50 341 8
50 342 47
50 343 4
50 283 92
50 157 46
50 990 10
50 895 97
51 992 46
51 832 4
51 319 55
51 684 64
51 877 68
51 173 49
51 205 41
51 596 46
51 53 52
51 117 12
51 157 17
51 191 73
52 772 70
52 521 37
52 750 31
52 755 51
52 756 50
52 757 13
52 887 18
53 355 42
53 452 27
53 140 35
53 877 27
53 591 40
53 51 52
53 20 2
53 663 87
53 312 5
54 705 35
54 995 40
54 997 86
54 39 50
54 685 46
54 374 52
54 793 82
54 985 61
55 34 36
55 873 86
55 857 80
55 25 72
55 703 16
56 871 55
56 74 22
56 301 63
56 149 84
56 22 14
56 246 64
56 629 92
56 92 57
56 925 16
57 896 92
57 644 40
57 549 46
57 942 88
57 787 3
58 74 7
58 77 23
58 13 83
58 205 52
58 560 32
58 589 22
58 782 76
58 981 28
58 28 59
58 157 43
59 318 10
59 200 69
59 914 15
59 723 80
59 726 64
59 887 63
59 30 95
60 584 58
60 42 89
60 523 17
60 178 17
60 982 59
61 812 13
61 271 61
62 963 54
62 581 4
62 486 14
62 103 14
62 229 71
62 424 35
62 47 52
62 495 32
62 215 100
62 28 64
63 578 82
63 355 45
63 457 26
63 810 66
63 685 39
63 401 83
63 567 74
64 3 95
64 681 22
64 493 96
64 595 80
64 20 59
65 737 29
65 194 51
65 386 38
65 677 24
65 329 90
65 684 54
65 178 22
65 787 55
65 889 37
65 413 68
66 289 77
66 897 87
66 247 35
66 279 37
66 379 80
67 612 74
67 840 76
67 301 71
67 590 69
67 976 89
67 337 9
67 241 30
67 310 23
68 994 24
68 520 44
68 331 36
68 599 13
68 762 70
68 828 11
69 577 75
69 742 58
69 391 22
69 905 20
69 204 6
69 528 71
69 949 48
69 442 48
69 444 34
70 897 22
70 98 48
70 614 16
70 236 67
70 716 64
70 812 84
70 623 61
70 816 92
70 511 30
71 962 20
71 674 17
71 477 51
71 318 99
72 99 72
72 837 94
72 358 68
72 519 40
72 870 97
72 393 35
72 363 57
72 625 15
72 151 39
73 770 94
73 514 86
73 233 35
73 43 37
73 461 22
73 22 86
73 473 91
74 513 20
74 257 35
74 713 37
74 110 58
74 950 7
74 952 66
74 56 22
74 633 71
74 58 7
74 826 85
75 741 85
75 282 88
75 44 80
75 285 10
76 888 31
76 986 62
76 284 73
77 58 23
77 132 68
77 487 63
77 240 55
77 947 31
77 405 61
77 954 74
77 286 46
78 418 41
78 520 45
78 714 75
78 651 37
78 114 94
78 467 25
78 412 31
78 319 64
79 257 12
79 225 26
79 931 91
79 339 79
79 895 66
80 99 33
80 468 90
80 14 33
80 503 20
81 384 55
81 201 83
81 908 10
81 45 62
81 685 85
81 817 18
81 148 36
81 405 7
81 377 9
81 315 49
81 318 21
81 447 17
82 453 80
82 487 14
82 236 94
82 557 88
82 142 66
82 527 52
82 684 45
82 340 38
82 854 95
82 694 90
82 254 77
83 668 65
83 454 59
83 30 71
83 191 1
84 97 28
84 865 99
84 995 87
84 133 32
84 681 42
84 780 5
84 428 58
84 244 38
84 759 39
84 159 78
85 721 57
85 988 79
85 860 70
85 854 62
86 352 21
86 292 9
86 516 6
86 169 81
86 425 45
86 971 77
86 461 100
86 525 62
86 180 34
86 479 53
87 6 89
87 937 90
87 361 96
87 585 88
87 142 35
87 175 26
87 532 19
87 564 52
87 247 98
87 828 16
87 926 72
88 359 64
88 744 80
88 904 17
88 365 25
88 784 27
88 273 42
88 381 83
88 958 86
89 318 71
89 928 29
89 130 15
89 933 20
89 778 66
89 138 62
89 334 75
89 687 29
89 750 63
89 693 6
89 534 30
89 382 86
90 746 48
90 268 20
90 335 12
90 914 1
90 154 31
91 163 35
91 579 38
91 643 56
91 139 71
91 331 74
91 941 4
91 558 18
91 760 49
91 891 15
91 252 64
92 961 56
92 930 60
92 463 35
92 56 57
92 826 49
92 636 88
93 865 64
93 134 45
93 617 51
93 765 36
93 44 88
93 13 18
93 686 11
93 881 87
93 693 42
93 117 35
93 93 25
93 255 23
94 998 19
94 198 52
94 425 92
94 809 72
94 681 54
94 798 41
94 48 12
94 975 33
94 662 94
94 152 66
94 506 5
94 574 27
95 834 93
95 603 69
95 808 4
95 809 41
95 815 46
95 818 4
95 282 92
95 699 64
96 2 24
96 138 42
96 237 52
96 942 99
96 787 58
96 252 87
96 760 31
96 348 66
97 2 67
97 195 33
97 551 38
97 744 72
97 84 28
97 500 63
97 216 65
97 635 77
97 892 48
97 381 58
98 835 69
98 70 48
98 42 83
98 12 42
98 780 90
98 689 90
98 630 25
98 183 93
98 251 82
98 221 34
99 224 14
99 72 72
99 264 72
99 360 91
99 584 75
99 777 71
99 621 2
99 687 92
99 80 33
99 19 29
99 150 98
99 599 34
99 856 25
99 477 75
99 382 64
100 416 80
100 579 96
100 259 56
100 647 31
100 624 75
100 561 2
100 915 47
100 25 40
101 832 68
101 674 25
101 770 34
101 584 2
101 330 25
101 554 35
101 13 28
101 590 52
101 205 50
101 976 34
101 946 47
101 948 23
101 533 73
101 889 10
101 157 98
101 318 60
101 127 84
102 736 56
102 387 37
102 804 72
102 451 55
102 300 59
102 561 33
102 18 51
102 888 45
102 574 72
103 896 47
103 833 13
103 426 99
103 916 20
103 62 14
103 126 3
104 717 1
104 691 93
104 790 63
104 410 64
104 607 75
105 837 64
105 332 34
105 941 85
105 626 45
105 312 6
105 287 84
106 256 2
106 422 7
106 777 16
106 812 38
106 761 100
106 409 54
106 221 45
106 319 36
107 133 69
107 453 75
107 647 80
107 655 44
107 472 44
108 129 85
108 645 12
108 456 36
108 476 65
108 733 62
108 847 23
108 467 21
108 248 46
108 891 42
108 28 88
108 381 92
109 480 64
109 1 63
109 674 22
109 865 80
109 869 62
109 744 59
109 425 35
109 790 89
109 927 45
109 697 53
109 123 21
109 444 84
109 415 2
110 737 41
110 682 82
110 74 58
110 209 60
110 599 67
111 546 94
111 361 99
111 461 38
111 783 41
111 207 41
111 689 12
111 340 23
111 830 7
112 928 79
112 324 59
112 489 26
112 765 89
112 657 8
112 403 56
112 861 94
112 222 19
112 31 21
113 32 58
113 995 5
113 678 23
113 203 29
113 719 6
113 274 63
113 853 15
113 630 64
113 155 24
114 293 42
114 298 49
114 650 100
114 396 100
114 906 64
114 78 94
114 624 69
114 880 38
114 339 6
114 504 68
114 125 3
114 415 35
115 588 51
115 432 28
115 722 10
115 914 6
115 405 40
115 374 29
115 31 53
116 291 1
116 849 61
116 978 12
116 916 64
116 341 6
116 21 17
116 925 49
117 161 71
117 591 64
117 51 12
117 917 35
117 760 94
117 93 35
118 268 60
118 941 82
118 847 76
118 629 90
118 438 99
118 504 89
118 479 26
119 160 65
119 673 61
119 162 39
119 960 25
119 676 49
119 966 76
119 297 84
119 42 5
119 589 14
119 143 60
119 146 25
120 326 83
120 48 49
120 688 95
120 179 37
120 729 72
120 887 80
120 185 55
120 410 83
120 318 39
121 407 89
121 685 14
121 498 82
121 244 90
121 535 59
122 768 65
122 738 57
122 483 37
122 229 79
122 711 82
122 568 94
122 429 5
122 526 43
122 946 1
122 278 11
122 408 51
123 684 33
123 109 21
123 975 62
123 209 17
123 220 92
124 294 5
124 685 86
124 846 50
124 792 57
124 542 64
125 868 54
125 114 3
125 889 61
125 793 60
125 477 85
125 158 55
126 961 88
126 227 34
126 451 71
126 167 55
126 103 3
126 939 2
126 461 90
126 557 4
126 301 41
126 376 35
126 729 35
127 353 61
127 101 84
127 614 22
127 173 63
127 368 60
128 25 11
128 14 89
128 999 54
129 230 21
129 40 31
129 777 20
129 970 28
129 108 85
129 45 45
129 558 99
129 976 3
129 529 22
129 818 50
129 179 73
129 600 23
130 705 66
130 194 93
130 165 22
130 433 4
130 18 16
130 789 6
130 22 78
130 89 15
130 29 8
131 866 55
131 965 47
131 809 1
131 652 82
131 408 84
131 765 30
132 928 76
132 577 11
132 33 91
132 77 68
132 462 68
132 18 22
132 787 96
133 36 96
133 134 60
133 892 33
133 393 76
133 107 69
133 717 46
133 601 50
133 84 32
133 533 29
133 863 19
133 952 64
133 569 48
133 858 60
133 828 26
133 254 56
133 383 30
134 516 2
134 133 60
134 945 7
134 885 36
134 698 68
134 93 45
135 32 95
135 449 21
135 165 91
135 38 34
135 984 40
135 29 70
135 607 62
136 897 49
136 195 80
136 717 34
136 431 93
136 659 5
136 244 56
136 217 11
137 804 62
137 6 96
137 558 26
137 756 1
137 919 76
138 96 42
138 417 46
138 610 100
138 360 54
138 809 100
138 558 35
138 750 60
138 816 81
138 784 57
138 978 81
138 659 29
138 89 62
138 285 69
139 3 11
139 615 57
139 361 95
139 42 77
139 588 68
139 748 56
139 844 95
139 143 57
139 245 6
139 727 14
139 954 32
139 91 71
140 992 57
140 386 44
140 780 55
140 978 35
140 309 89
140 53 35
140 567 86
140 633 100
141 867 21
141 455 67
141 329 29
141 42 58
141 702 11
141 429 5
141 435 95
141 666 7
141 636 42
141 606 18
142 579 1
142 294 62
142 329 38
142 751 42
142 82 66
142 852 2
142 87 35
142 185 75
142 506 68
142 251 86
143 194 68
143 359 10
143 521 76
143 586 55
143 139 57
143 940 9
143 816 66
143 273 63
143 628 86
143 119 60
143 283 22
143 667 88
143 413 32
144 962 52
144 3 35
144 164 55
144 259 74
144 679 50
144 876 94
144 13 100
144 496 15
144 721 71
144 848 94
144 307 62
144 564 65
144 213 47
144 637 24
145 931 5
145 904 17
145 397 71
145 976 13
145 499 56
145 820 57
145 692 86
145 278 69
145 506 88
145 699 46
146 857 62
146 969 71
146 119 25
147 849 32
147 881 68
147 790 68
147 316 30
147 30 49
148 931 30
148 613 38
148 522 33
148 759 77
148 81 36
148 824 19
148 534 15
148 727 93
148 568 10
148 822 6
148 538 53
148 925 100
149 806 41
149 558 14
149 623 32
149 559 87
149 629 89
149 56 84
150 547 24
150 99 98
150 806 35
150 784 13
150 951 33
150 723 96
150 375 44
151 198 60
151 72 39
151 623 68
151 560 89
151 703 9
152 32 23
152 481 27
152 640 83
152 775 56
152 681 6
152 202 35
152 236 36
152 717 39
152 21 31
152 181 25
152 732 66
152 94 66
153 416 65
153 803 79
153 807 38
153 236 99
153 975 63
153 382 95
154 0 33
154 837 87
154 232 72
154 14 35
154 532 11
154 90 31
155 292 70
155 679 13
155 395 56
155 524 99
155 976 25
155 113 24
155 401 42
155 568 26
155 828 68
156 161 53
156 450 68
156 2 62
156 451 67
156 773 5
156 489 76
156 971 99
156 173 34
156 622 98
156 750 46
156 400 18
156 305 21
156 432 3
156 184 30
157 35 64
157 931 40
157 101 98
157 487 98
157 464 88
157 18 65
157 51 17
157 50 46
157 309 96
157 503 41
157 58 43
158 164 26
158 715 33
158 893 30
158 238 26
158 335 7
158 401 35
158 537 31
158 219 4
158 125 55
158 254 1
159 802 65
159 303 1
159 628 38
159 84 78
159 536 11
160 513 30
160 452 96
160 903 93
160 970 62
160 651 77
160 846 7
160 334 39
160 272 28
160 689 22
160 467 70
160 119 65
161 0 63
161 482 3
161 194 66
161 259 40
161 871 17
161 719 20
161 117 71
161 444 41
161 251 77
161 156 53
162 549 55
162 268 40
162 273 21
162 119 39
162 253 49
163 391 14
163 780 9
163 429 26
163 239 38
163 254 88
163 921 41
163 91 35
163 830 87
164 258 97
164 4 78
164 745 83
164 144 55
164 274 71
164 595 83
164 853 89
164 22 24
164 987 66
164 158 26
165 130 22
165 135 91
165 11 11
165 235 11
165 718 29
165 687 12
165 304 23
165 595 96
165 953 74
165 859 26
166 419 42
166 868 23
166 867 59
166 678 26
166 932 54
166 203 34
166 783 7
166 665 19
166 470 6
166 569 58
166 763 74
166 413 48
167 384 76
167 672 53
167 801 66
167 202 53
167 815 75
167 176 48
167 788 48
167 24 38
167 891 57
167 126 55
168 416 9
168 587 40
168 461 15
168 275 30
168 403 83
168 468 30
169 36 27
169 923 20
169 774 18
169 906 18
169 748 75
169 917 47
169 86 81
169 565 1
169 476 84
169 732 60
170 522 39
170 174 11
170 942 96
170 945 34
170 529 36
170 859 81
170 479 98
171 536 11
171 338 86
171 259 72
171 829 64
172 261 43
172 806 5
172 972 21
172 334 87
172 271 87
172 880 36
173 385 54
173 769 20
173 645 66
173 552 45
173 447 24
173 937 70
173 939 57
173 844 53
173 754 43
173 51 49
173 787 56
173 409 45
173 26 89
173 156 34
173 957 97
173 350 3
173 127 63
174 288 3
174 998 91
174 807 80
174 170 11
174 589 26
174 883 96
174 790 33
174 218 1
174 187 95
174 988 77
174 926 47
174 511 90
175 420 85
175 955 100
175 487 25
175 841 62
175 714 21
175 905 38
175 44 79
175 87 26
175 538 85
175 699 86
176 167 48
176 618 94
176 14 32
176 240 21
176 626 90
176 276 19
176 788 12
176 950 28
176 599 17
176 696 55
176 639 18
177 994 82
177 293 29
177 555 91
177 527 91
177 945 35
177 382 19
177 703 6
178 65 22
178 359 71
178 360 96
178 524 15
178 846 52
178 48 48
178 816 84
178 242 51
178 403 75
178 60 17
178 221 52
179 129 73
179 47 27
179 946 84
179 948 48
179 120 37
180 485 20
180 359 37
180 684 79
180 593 34
180 958 70
180 86 34
180 637 55
180 862 51
180 767 21
181 931 28
181 504 55
181 341 30
181 152 25
181 989 46
182 932 6
182 838 6
182 712 35
182 530 55
182 275 91
182 762 22
182 637 48
183 98 93
183 4 35
183 458 72
183 750 87
183 624 94
183 219 12
184 293 74
184 230 26
184 713 50
184 554 44
184 373 58
184 666 63
184 282 15
184 347 88
184 156 30
185 551 99
185 553 13
185 142 75
185 689 46
185 120 55
185 285 96
186 867 43
186 910 14
186 855 57
186 878 16
186 786 10
186 885 2
186 189 92
186 729 60
186 637 87
187 993 50
187 618 91
187 276 44
187 174 95
188 257 50
188 356 42
188 685 5
188 436 20
188 727 87
188 731 96
188 287 22
189 323 49
189 296 48
189 329 53
189 809 80
189 559 47
189 186 92
189 957 75
189 735 71
190 320 100
190 483 62
190 580 30
190 809 12
190 432 93
190 822 85
190 566 17
191 581 2
191 904 65
191 268 73
191 302 72
191 622 48
191 786 26
191 83 1
191 51 73
191 921 86
192 485 94
192 261 41
192 519 55
192 331 27
192 663 60
192 926 4
193 805 70
193 908 35
193 975 31
193 405 40
193 247 56
193 858 49
194 65 51
194 130 93
194 161 66
194 455 61
194 143 68
194 246 80
195 97 33
195 483 100
195 136 80
195 777 83
195 395 48
195 269 57
195 430 40
195 974 44
195 656 21
195 724 90
195 603 61
196 320 11
196 265 90
196 683 77
196 466 40
196 766 30
197 418 58
197 486 5
197 575 32
197 911 45
197 943 11
197 287 32
198 612 5
198 11 30
198 747 44
198 531 49
198 151 60
198 440 2
198 94 52
199 255 64
199 677 28
199 685 36
199 883 34
199 373 93
199 287 34
200 993 61
200 516 50
200 520 2
200 746 60
200 491 35
200 401 100
200 661 38
200 59 69
201 296 83
201 81 83
201 869 86
201 965 12
202 771 98
202 740 40
202 167 53
202 233 60
202 297 15
202 563 82
202 887 20
202 152 35
202 670 54
203 961 74
203 166 34
203 903 95
203 234 58
203 715 32
203 300 86
203 113 29
203 861 27
204 837 11
204 69 6
204 231 63
204 773 98
204 999 94
204 276 94
204 244 33
204 854 51
205 101 50
205 522 2
205 906 17
205 51 41
205 215 68
205 409 50
205 58 52
205 636 70
206 2 4
206 965 37
206 646 99
206 423 12
206 368 40
206 24 33
206 667 39
207 770 46
207 994 32
207 517 1
207 9 71
207 618 73
207 111 41
207 980 29
207 318 89
208 369 37
208 641 50
208 540 75
209 737 13
209 34 79
209 522 73
209 44 60
209 110 60
209 123 17
210 579 18
210 582 72
210 786 35
210 564 34
210 503 10
210 473 59
210 606 72
211 678 8
211 809 48
211 399 55
211 594 44
211 470 8
211 733 1
212 385 95
212 516 63
212 837 71
212 37 77
212 334 39
212 886 48
213 803 2
213 589 41
213 366 31
213 144 47
213 276 45
213 570 67
213 252 50
214 3 12
214 899 35
214 428 13
214 591 23
214 983 24
214 245 42
214 278 99
214 759 32
214 344 95
214 661 15
215 992 6
215 482 89
215 678 62
215 205 68
215 217 88
215 62 100
216 728 79
216 97 65
216 485 44
216 297 57
217 640 97
217 701 16
217 136 11
217 492 47
217 271 15
217 215 88
217 378 89
217 989 87
217 894 2
218 450 97
218 998 5
218 839 49
218 296 6
218 174 1
218 687 9
218 667 73
219 237 34
219 919 97
219 222 33
219 502 43
219 183 12
219 504 67
219 349 73
219 477 54
219 158 4
220 707 91
220 647 12
220 648 8
220 872 21
220 745 66
220 974 41
220 703 54
220 895 22
220 665 4
220 123 92
220 831 7
221 321 46
221 98 34
221 994 72
221 106 45
221 303 90
221 335 9
221 271 82
221 178 52
221 403 46
221 308 100
221 469 92
221 921 7
221 506 24
222 219 33
222 112 19
222 561 8
222 752 80
222 927 22
222 347 39
222 799 25
223 651 26
223 13 79
223 304 42
223 945 9
223 245 34
223 638 94
224 99 14
224 292 31
224 38 16
224 746 4
224 498 22
224 250 85
224 541 81
225 481 74
225 707 63
225 714 14
225 619 60
225 367 54
225 79 26
225 15 34
225 729 91
225 732 68
226 996 67
226 967 60
226 620 32
226 815 56
226 311 21
226 634 89
226 509 87
226 447 32
227 706 3
227 931 91
227 388 32
227 869 37
227 398 79
227 495 64
227 464 58
227 563 2
227 958 4
227 126 34
227 926 50
228 634 39
228 828 57
228 893 84
229 641 25
229 578 60
229 259 59
229 937 8
229 276 28
229 629 38
229 665 37
229 122 79
229 923 6
229 62 71
230 960 49
230 129 21
230 385 56
230 902 38
230 680 16
230 467 7
230 184 26
230 379 49
230 636 24
230 990 87
230 767 56
231 385 14
231 328 86
231 524 12
231 204 63
231 501 17
231 821 51
231 507 85
232 705 16
232 294 69
232 455 43
232 873 92
232 333 1
232 366 34
232 154 72
232 858 26
233 481 94
233 833 66
233 356 16
233 73 35
233 202 60
233 829 26
233 49 52
233 926 49
233 979 87
233 276 97
233 733 27
233 446 6
234 896 96
234 354 36
234 804 50
234 203 58
234 247 12
235 864 22
235 417 96
235 613 7
235 165 11
235 585 57
235 335 1
235 944 23
235 914 64
235 727 74
236 704 14
236 70 67
236 969 10
236 653 59
236 82 94
236 665 47
236 661 72
236 152 36
236 153 99
237 96 52
237 564 77
237 567 14
237 219 34
237 478 91
238 450 46
238 998 62
238 552 48
238 618 27
238 970 100
238 881 79
238 407 2
238 409 5
238 158 26
239 834 100
239 163 38
239 390 5
239 274 88
239 860 68
240 961 83
240 262 65
240 524 12
240 333 86
240 77 55
240 15 52
240 176 21
240 499 54
240 851 53
240 920 14
241 67 30
241 675 4
241 454 13
242 8 52
242 16 15
242 178 51
242 563 26
242 570 87
242 893 16
243 420 37
243 454 11
243 904 10
243 553 95
243 436 82
243 24 88
243 318 50
244 450 54
244 803 33
244 326 61
244 136 56
244 584 12
244 204 33
244 302 97
244 848 1
244 912 5
244 659 92
244 84 38
244 121 90
245 994 100
245 139 6
245 909 46
245 214 42
245 791 68
245 285 81
245 223 34
246 576 28
246 194 80
246 521 59
246 523 8
246 783 76
246 339 28
246 19 2
246 56 64
246 509 95
247 193 56
247 66 35
247 324 96
247 360 32
247 234 12
247 406 11
247 87 98
247 543 61
248 642 14
248 839 50
248 552 62
248 456 73
248 649 72
248 108 46
248 560 24
248 851 48
248 724 39
248 728 13
249 515 18
249 451 30
249 710 100
249 745 55
249 538 51
250 224 85
250 256 30
250 994 40
250 355 59
250 837 86
250 744 97
250 407 82
251 161 77
251 98 82
251 998 39
251 266 73
251 970 55
251 142 86
251 47 94
251 598 73
252 96 87
252 290 40
252 738 29
252 298 15
252 908 96
252 589 68
252 754 73
252 213 50
252 91 64
253 162 49
253 356 64
253 648 81
253 336 97
253 403 98
253 952 26
253 697 97
253 958 46
253 703 52
254 163 88
254 133 56
254 873 81
254 82 77
254 956 69
254 158 1
255 199 64
255 939 74
255 93 23
255 726 91
255 317 24
256 640 34
256 417 4
256 769 6
256 293 27
256 106 2
256 601 47
256 469 91
256 695 53
256 281 11
256 250 30
257 904 66
257 778 67
257 74 35
257 653 81
257 79 12
257 188 50
257 370 93
257 819 77
257 476 57
258 480 94
258 608 36
258 164 97
258 488 79
258 617 44
258 683 100
258 334 71
258 974 79
259 161 40
259 546 1
259 100 56
259 229 59
259 171 72
259 843 26
259 144 74
259 786 12
259 859 70
259 831 90
260 545 75
260 898 65
260 421 28
260 743 96
260 649 13
260 877 37
260 493 98
261 192 41
261 967 37
261 426 10
261 811 24
261 172 43
261 943 92
261 368 86
261 305 68
261 627 55
261 820 89
262 240 65
262 604 62
262 686 96
262 958 68
263 592 45
263 44 11
263 294 28
264 99 72
264 963 11
264 846 66
264 847 16
264 633 78
264 285 71
264 317 74
264 889 96
265 196 90
265 583 74
265 360 37
265 725 31
265 439 6
266 640 10
266 485 76
266 251 73
266 403 2
266 436 55
266 25 44
266 539 1
266 445 24
267 321 46
267 930 19
267 35 23
267 744 94
267 941 98
267 526 6
267 750 32
267 862 2
267 434 1
267 402 22
267 531 55
267 689 39
267 318 11
268 1 64
268 162 40
268 391 78
268 779 99
268 735 52
268 690 100
268 20 51
268 767 94
268 118 60
268 90 20
268 191 73
269 321 75
269 195 57
269 525 52
269 728 59
269 443 27
270 962 21
270 614 77
270 745 70
270 367 11
270 626 28
270 437 12
270 950 51
270 317 27
270 479 71
271 172 87
271 590 50
271 61 61
271 791 28
271 217 15
271 443 76
271 221 82
272 160 28
272 545 32
272 35 14
272 394 93
272 785 99
272 692 92
272 629 40
272 475 70
272 284 53
273 162 21
273 835 11
273 549 58
273 617 40
273 143 63
273 88 42
274 834 95
274 164 71
274 239 88
274 113 63
274 501 83
274 886 13
275 547 18
275 168 30
275 524 4
275 717 25
275 593 68
275 182 91
275 767 74
276 229 28
276 233 97
276 489 79
276 714 90
276 204 94
276 44 6
276 974 19
276 176 19
276 213 45
276 792 51
276 187 44
277 34 98
277 553 59
277 810 48
277 746 48
277 937 48
277 407 70
277 664 71
278 302 7
278 303 76
278 145 69
278 214 99
278 122 11
279 66 37
279 967 63
279 906 62
279 365 79
279 28 23
279 605 50
280 546 6
280 997 16
280 517 10
280 687 29
280 947 100
280 628 5
280 887 66
280 313 34
280 794 54
280 733 75
280 734 62
281 256 11
281 836 94
281 619 50
281 430 33
281 334 36
281 816 31
281 886 88
281 983 30
281 633 90
281 988 65
282 992 36
282 898 96
282 75 88
282 845 18
282 495 49
282 914 78
282 788 6
282 437 18
282 184 15
282 669 87
282 414 18
282 95 92
283 352 1
283 420 54
283 773 65
283 456 89
283 46 50
283 143 22
283 302 1
283 50 92
283 597 52
284 738 86
284 521 83
284 969 49
284 76 73
284 652 47
284 272 53
284 851 49
285 676 27
285 313 22
285 264 71
285 807 31
285 138 69
285 75 10
285 968 57
285 872 78
285 245 81
285 919 18
285 185 96
286 637 55
286 714 78
286 395 42
286 460 85
286 77 46
286 846 3
286 559 25
286 944 25
286 24 70
286 605 92
286 798 30
287 197 32
287 838 79
287 199 34
287 966 50
287 105 84
287 806 92
287 936 56
287 470 53
287 188 22
288 864 78
288 775 46
288 808 43
288 521 14
288 363 67
288 174 3
288 472 33
288 666 30
288 350 48
289 66 77
289 453 2
289 939 31
289 342 81
289 791 50
289 410 43
290 294 35
290 966 99
290 458 20
290 632 7
290 826 40
290 252 40
290 445 95
290 510 59
291 801 45
291 547 31
291 873 12
291 556 33
291 333 18
291 495 48
291 116 1
291 695 30
291 859 10
292 224 31
292 771 5
292 708 86
292 491 83
292 561 6
292 499 100
292 628 83
292 627 84
292 86 9
292 694 55
292 155 70
293 256 27
293 419 66
293 901 72
293 520 37
293 425 65
293 177 29
293 114 42
293 436 28
293 184 74
293 25 86
294 290 35
294 770 1
294 802 54
294 900 64
294 614 88
294 263 28
294 232 69
294 142 62
294 879 53
294 540 9
294 124 5
294 509 75
294 574 90
295 744 38
295 615 69
296 612 55
296 680 26
296 201 83
296 969 70
296 984 95
296 218 6
296 189 48
296 479 80
297 898 76
297 355 20
297 904 45
297 392 29
297 202 15
297 752 86
297 659 4
297 629 24
297 119 84
297 216 57
297 314 87
298 3 10
298 569 39
298 114 49
298 345 57
298 474 24
298 252 15
298 858 66
299 864 81
299 389 31
299 615 31
299 812 43
299 881 74
299 598 76
299 951 14
300 102 59
300 203 86
300 715 99
300 942 23
300 561 39
300 26 46
300 636 65
301 67 71
301 421 46
301 461 62
301 657 37
301 466 1
301 855 50
301 56 63
301 537 93
301 126 41
302 903 33
302 586 2
302 671 97
302 244 97
302 309 52
302 278 7
302 822 91
302 728 75
302 283 1
302 191 72
303 159 1
303 6 89
303 998 33
303 588 82
303 278 76
303 221 90
303 670 26
303 479 59
304 992 25
304 481 64
304 643 6
304 868 13
304 165 23
304 461 29
304 749 98
304 973 13
304 799 46
304 888 48
304 223 42
305 737 43
305 261 68
305 645 65
305 485 69
305 584 29
305 617 95
305 747 32
305 527 12
305 156 21
305 348 96
305 668 16
306 0 50
306 708 47
306 843 32
306 757 57
306 438 87
306 827 99
306 349 41
306 927 9
307 361 20
307 554 45
307 844 98
307 751 96
307 144 62
307 400 31
307 498 3
307 786 85
307 988 68
307 31 56
308 672 49
308 642 27
308 995 89
308 808 77
308 494 49
308 433 2
308 727 32
308 441 99
308 221 100
308 479 63
309 484 48
309 487 15
309 140 89
309 653 75
309 302 52
309 780 89
309 719 22
309 983 21
309 157 96
310 67 23
310 842 90
310 524 20
310 785 41
310 410 14
310 414 87
311 792 43
311 697 56
311 226 21
311 911 43
312 608 46
312 609 53
312 963 77
312 486 73
312 904 83
312 105 6
312 943 44
312 625 42
312 53 5
312 890 21
312 411 85
313 769 51
313 994 5
313 395 98
313 653 5
313 590 57
313 280 34
313 285 22
313 383 85
314 738 3
314 678 77
314 297 87
314 751 94
314 945 84
314 573 93
315 776 41
315 81 49
315 434 2
315 838 86
316 700 33
316 931 75
316 892 89
316 528 100
316 882 72
316 147 30
316 793 86
316 858 81
316 508 95
317 35 25
317 264 74
317 521 37
317 586 89
317 972 25
317 909 95
317 270 27
317 758 98
317 765 31
317 255 24
318 836 81
318 101 60
318 742 7
318 71 99
318 267 11
318 207 89
318 81 21
318 243 50
318 120 39
318 89 71
318 59 10
318 735 93
319 932 66
319 106 36
319 589 51
319 78 64
319 718 59
319 51 55
319 824 17
320 644 8
320 196 11
320 498 69
320 633 51
320 476 8
320 573 85
320 190 100
320 863 40
321 267 46
321 269 75
321 656 5
321 432 15
321 627 53
321 949 63
321 571 43
321 667 48
321 221 46
322 515 96
322 847 93
322 830 93
322 565 50
322 22 40
322 381 98
322 702 25
323 673 32
323 428 78
323 877 41
323 654 6
323 979 11
323 950 35
323 343 49
323 189 49
324 931 38
324 935 28
324 112 59
324 247 96
324 826 67
324 892 66
324 702 64
325 448 89
325 869 74
325 743 87
325 334 85
325 950 74
326 0 85
326 614 38
326 615 48
326 19 99
326 532 5
326 244 61
326 790 33
326 405 18
326 120 83
326 762 63
327 614 86
327 999 31
327 653 61
327 464 15
327 855 18
327 985 87
327 699 44
327 446 22
328 898 100
328 231 86
328 621 17
328 49 83
328 730 45
328 605 11
329 65 90
329 645 92
329 553 14
329 586 76
329 861 92
329 429 95
329 141 29
329 142 38
329 189 53
330 484 84
330 453 61
330 101 25
330 520 28
330 829 45
330 492 71
330 653 12
330 790 39
330 477 17
331 192 27
331 827 65
331 68 36
331 839 14
331 91 74
331 402 47
331 891 12
332 962 86
332 741 47
332 105 34
332 11 12
332 556 90
332 715 14
332 703 64
333 291 18
333 676 39
333 679 23
333 232 1
333 431 84
333 240 86
333 688 21
333 495 54
333 820 37
333 536 69
333 954 54
333 734 1
334 160 39
334 258 71
334 867 73
334 325 85
334 281 36
334 172 87
334 15 75
334 495 68
334 496 45
334 850 73
334 212 39
334 884 68
334 89 75
334 635 22
335 768 77
335 392 20
335 648 8
335 458 52
335 235 1
335 402 6
335 90 12
335 221 9
335 158 7
336 992 75
336 996 14
336 807 28
336 847 81
336 368 1
336 20 12
336 253 97
337 891 28
337 386 55
337 67 9
338 931 78
338 676 27
338 773 71
338 171 86
338 555 38
338 847 52
338 848 20
338 659 61
338 984 42
338 442 67
339 902 21
339 777 55
339 493 24
339 430 76
339 79 79
339 909 50
339 49 42
339 114 6
339 246 28
340 803 97
340 965 14
340 680 21
340 111 23
340 783 38
340 82 38
340 978 96
340 537 76
340 507 1
341 846 73
341 784 80
341 50 8
341 692 35
341 116 6
341 181 30
341 989 42
342 289 81
342 993 93
342 679 57
342 999 40
342 361 3
342 555 93
342 590 42
342 50 47
342 562 52
342 724 36
342 754 62
342 728 16
342 670 87
343 323 49
343 359 58
343 663 30
343 522 60
343 943 2
343 753 32
343 18 68
343 50 4
343 535 63
343 798 30
344 609 85
344 814 86
344 596 2
344 598 32
344 214 95
344 447 55
345 804 53
345 298 57
345 590 75
345 784 50
345 659 18
346 778 18
346 693 5
347 739 100
347 931 99
347 518 97
347 458 56
347 811 45
347 532 5
347 184 88
347 222 39
348 96 66
348 705 25
348 712 97
348 428 43
348 780 29
348 305 96
348 890 62
348 798 10
349 747 62
349 689 41
349 306 41
349 881 77
349 919 34
349 219 73
349 542 46
349 511 18
350 288 48
350 929 92
350 998 48
350 173 3
350 686 31
350 721 85
350 983 33
350 923 27
350 765 88
351 962 12
351 899 12
351 808 35
351 554 40
351 846 33
351 660 66
351 603 76
351 446 53
352 772 12
352 843 4
352 48 14
352 86 21
352 985 64
352 283 1
352 383 16
353 358 52
353 842 88
353 524 6
353 397 33
353 792 8
353 569 70
353 127 61
354 416 34
354 865 27
354 584 13
354 234 36
354 938 68
354 437 23
354 853 40
354 639 96
355 840 99
355 297 20
355 558 25
355 50 39
355 53 42
355 949 76
355 981 77
355 250 59
355 63 45
356 480 82
356 997 6
356 233 16
356 879 6
356 596 97
356 568 12
356 188 42
356 253 64
357 386 22
357 767 88
357 878 23
357 743 8
358 353 52
358 930 54
358 548 41
358 72 68
358 459 26
358 528 20
358 446 48
359 646 20
359 552 80
359 526 5
359 143 10
359 178 71
359 530 80
359 180 37
359 343 58
359 88 64
360 99 91
360 739 92
360 265 37
360 138 54
360 909 61
360 560 79
360 178 96
360 247 32
360 923 31
360 477 18
360 990 24
361 553 8
361 139 95
361 395 35
361 111 99
361 16 51
361 307 20
361 595 5
361 342 3
361 87 96
361 731 5
361 862 20
361 543 43
362 44 84
362 718 49
362 823 6
362 571 42
362 380 47
363 72 57
363 288 67
363 925 47
364 513 81
364 520 44
364 808 44
364 456 35
364 443 63
364 766 63
365 88 25
365 722 50
365 634 74
365 279 79
366 232 34
366 936 72
366 398 12
366 495 81
366 882 97
366 628 3
366 213 31
367 800 53
367 225 54
367 615 82
367 270 11
367 405 96
367 664 22
367 27 87
367 574 80
368 261 86
368 860 22
368 650 71
368 749 12
368 206 40
368 336 1
368 400 2
368 817 30
368 508 45
368 29 26
368 990 19
368 127 60
369 208 37
369 733 94
370 257 93
370 798 34
370 823 4
370 925 76
370 862 80
371 403 59
371 693 49
372 805 89
372 44 69
372 847 70
372 444 73
372 445 39
373 184 58
373 933 92
373 591 47
373 199 93
374 461 77
374 558 34
374 115 29
374 789 78
374 54 52
374 698 26
374 477 39
375 706 90
375 452 35
375 938 66
375 459 65
375 495 100
375 822 25
375 150 44
375 760 73
375 606 97
376 554 69
376 16 43
376 752 62
376 661 52
376 630 68
376 823 8
376 126 35
377 544 99
377 34 18
377 645 44
377 522 98
377 81 9
377 690 90
377 634 88
378 608 21
378 420 79
378 517 12
378 651 9
378 718 28
378 217 89
378 443 61
378 829 69
379 66 80
379 230 49
379 457 92
379 938 16
379 946 1
379 663 67
380 740 3
380 6 64
380 424 31
380 937 35
380 362 47
380 719 17
380 405 86
380 29 11
380 382 60
381 97 58
381 322 98
381 678 5
381 108 92
381 693 50
381 88 83
382 672 82
382 800 31
382 153 95
382 99 64
382 584 83
382 808 89
382 177 19
382 89 86
382 380 60
382 799 69
383 352 16
383 133 30
383 774 33
383 615 60
383 649 7
383 683 65
383 684 17
383 916 16
383 21 27
383 313 85
384 674 34
384 486 2
384 167 76
384 524 8
384 589 98
384 590 57
384 814 100
384 720 58
384 81 55
384 757 33
384 506 79
384 475 14
385 643 36
385 230 56
385 231 14
385 998 25
385 173 54
385 564 26
385 212 95
385 894 85
386 32 21
386 65 38
386 357 22
386 678 98
386 140 44
386 337 55
386 441 37
386 956 9
387 102 37
387 935 64
387 807 73
387 525 34
387 622 35
387 432 97
387 532 100
387 596 49
387 568 18
387 956 28
388 393 8
388 657 49
388 227 32
389 299 31
389 853 80
389 798 14
389 975 16
390 800 41
390 866 6
390 623 43
390 239 5
390 854 57
390 698 7
390 479 45
391 163 14
391 708 56
391 69 22
391 427 47
391 268 78
391 733 5
392 840 70
392 297 29
392 617 11
392 335 20
392 656 20
392 533 44
392 829 10
392 31 45
393 481 35
393 388 8
393 133 76
393 740 78
393 72 35
393 10 3
393 714 33
393 496 14
393 817 94
393 407 45
393 952 4
394 706 2
394 962 21
394 741 13
394 840 79
394 457 85
394 829 96
394 398 27
394 272 93
394 658 48
394 438 58
394 664 70
394 893 39
395 195 48
395 871 83
395 361 35
395 526 96
395 880 39
395 849 73
395 567 39
395 313 98
395 155 56
395 476 56
395 286 42
396 708 51
396 43 2
396 524 91
396 943 30
396 114 100
396 569 73
397 353 33
397 801 72
397 771 56
397 145 71
397 26 63
398 227 79
398 9 52
398 394 27
398 366 12
398 814 8
398 669 56
399 717 33
399 974 31
399 914 42
399 211 55
399 533 76
400 518 86
400 368 2
400 307 31
400 438 11
400 826 63
400 891 3
400 156 18
400 735 56
401 518 21
401 200 100
401 489 21
401 840 31
401 684 94
401 685 62
401 751 80
401 155 42
401 667 94
401 158 35
401 63 83
402 648 86
402 267 22
402 331 47
402 846 54
402 335 6
402 624 60
402 949 33
402 407 65
403 168 83
403 266 2
403 652 19
403 112 56
403 178 75
403 371 59
403 468 63
403 723 26
403 253 98
403 699 39
403 221 46
404 419 100
404 647 20
404 589 29
404 785 51
404 19 73
404 500 59
404 823 88
405 193 40
405 326 18
405 582 47
405 777 23
405 77 61
405 749 14
405 367 96
405 81 7
405 945 72
405 115 40
405 689 24
405 791 7
405 380 86
406 744 89
406 247 11
406 663 46
406 539 57
406 605 71
407 901 38
407 393 45
407 238 2
407 402 65
407 277 70
407 121 89
407 250 82
407 479 3
408 579 53
408 131 84
408 459 28
408 529 86
408 791 26
408 824 78
408 122 51
409 775 7
409 106 54
409 715 17
409 205 50
409 173 45
409 238 5
409 687 58
410 289 43
410 5 7
410 551 30
410 104 64
410 310 14
410 120 83
410 505 4
411 800 3
411 39 63
411 586 62
411 943 31
411 502 89
411 663 2
411 312 85
412 611 61
412 650 60
412 878 30
412 78 31
412 497 2
413 65 68
413 34 11
413 166 48
413 550 32
413 143 32
413 656 7
413 20 83
413 695 90
414 640 64
414 834 30
414 459 34
414 460 20
414 310 87
414 698 48
414 282 18
415 680 77
415 876 7
415 525 82
415 109 2
415 526 45
415 814 56
415 114 35
415 925 53
416 673 3
416 354 34
416 100 80
416 168 9
416 585 10
416 556 92
416 463 99
416 976 84
416 153 65
416 922 64
416 923 81
417 256 4
417 138 46
417 235 96
417 438 73
417 729 18
417 539 99
417 862 37
418 197 58
418 78 41
418 941 22
419 453 94
419 293 66
419 166 42
419 39 40
419 423 18
419 429 69
419 912 65
419 404 100
420 378 79
420 283 54
420 243 37
420 175 85
421 866 29
421 627 38
421 260 28
421 301 46
422 106 7
423 0 97
423 419 18
423 995 31
423 554 92
423 45 58
423 206 12
423 49 80
423 951 59
423 986 48
423 859 44
424 512 70
424 758 93
424 23 26
424 505 77
424 380 31
424 62 35
425 740 76
425 293 65
425 552 13
425 971 18
425 109 35
425 14 11
425 621 54
425 851 65
425 86 45
425 94 92
425 703 90
426 896 86
426 514 6
426 261 10
426 103 99
426 519 47
426 935 79
426 557 78
426 47 84
426 594 28
427 643 17
427 934 14
427 454 56
427 391 47
427 742 97
427 724 64
427 984 38
427 924 95
428 323 78
428 904 23
428 84 58
428 214 13
428 348 43
429 163 26
429 419 69
429 329 95
429 141 5
429 537 32
429 122 5
429 31 94
430 195 40
430 459 29
430 912 91
430 881 70
430 690 29
430 339 76
430 281 33
431 641 58
431 34 12
431 136 93
431 490 72
431 844 40
431 333 84
431 941 15
431 598 12
431 440 73
431 507 38
432 321 15
432 387 97
432 867 43
432 637 79
432 901 22
432 520 40
432 777 53
432 848 68
432 593 16
432 976 64
432 115 28
432 156 3
432 861 72
432 190 93
433 130 4
433 482 55
433 7 81
433 907 79
433 308 2
433 21 86
433 917 77
434 3 14
434 456 1
434 267 1
434 20 96
434 917 24
434 315 2
434 542 11
435 610 24
435 579 57
435 644 33
435 967 2
435 141 95
435 18 4
435 500 77
435 826 34
436 578 49
436 293 28
436 266 55
436 816 7
436 243 82
436 188 20
437 0 53
437 354 23
437 931 40
437 270 12
437 880 59
437 442 50
437 830 54
437 468 28
437 568 46
437 282 18
437 30 7
438 417 73
438 835 24
438 394 58
438 589 74
438 400 11
438 497 47
438 306 87
438 850 30
438 853 91
438 118 99
438 860 60
438 733 7
439 265 6
439 717 19
439 782 62
439 755 21
439 885 83
439 953 77
439 923 15
439 446 68
440 544 52
440 198 2
440 711 51
440 876 87
440 431 73
440 880 58
440 443 78
441 609 42
441 386 37
441 491 16
441 626 37
441 308 99
441 766 36
442 69 48
442 613 72
442 487 59
442 686 31
442 338 67
442 692 59
442 437 50
442 887 9
442 478 52
443 610 18
443 364 63
443 269 27
443 271 76
443 724 88
443 440 78
443 378 61
444 161 41
444 69 34
444 10 21
444 109 84
444 655 47
444 463 39
444 372 73
444 693 84
445 673 100
445 290 95
445 674 93
445 647 34
445 775 85
445 266 24
445 652 54
445 659 30
445 372 39
445 951 30
446 705 55
446 740 9
446 358 48
446 327 22
446 582 34
446 233 6
446 584 40
446 524 5
446 717 4
446 942 84
446 657 34
446 439 68
446 351 53
447 1 63
447 226 32
447 835 67
447 13 37
447 173 24
447 81 17
447 344 55
448 325 89
448 458 91
448 48 49
448 592 35
448 599 90
449 962 86
449 899 41
449 135 21
449 524 60
449 717 91
449 815 24
449 49 16
449 859 61
449 701 91
450 488 43
450 238 46
450 623 25
450 944 10
450 244 54
450 218 97
450 156 68
451 771 41
451 102 55
451 909 18
451 718 32
451 919 27
451 857 91
451 249 30
451 156 67
451 126 71
451 927 51
452 160 96
452 579 28
452 48 17
452 53 27
452 375 35
452 860 15
452 637 72
453 289 2
453 769 3
453 419 94
453 577 2
453 649 64
453 330 61
453 107 75
453 523 98
453 82 80
454 672 95
454 805 96
454 427 56
454 241 13
454 83 59
454 243 11
454 503 36
454 927 56
455 512 77
455 194 61
455 866 81
455 578 25
455 232 43
455 489 87
455 969 52
455 141 67
455 976 95
455 532 90
455 26 50
455 703 42
456 744 61
456 364 35
456 108 36
456 434 1
456 248 73
456 283 89
457 640 34
457 394 85
457 780 39
457 460 15
457 500 66
457 502 5
457 855 32
457 379 92
457 63 26
458 448 91
458 290 20
458 994 91
458 335 52
458 183 72
458 959 47
458 347 56
458 639 59
459 928 14
459 642 78
459 358 26
459 874 28
459 43 73
459 779 93
459 430 29
459 375 65
459 408 28
459 26 84
459 414 34
460 839 56
460 457 15
460 717 11
460 845 2
460 471 62
460 286 85
460 414 20
460 543 10
461 545 81
461 168 15
461 73 22
461 648 2
461 556 63
461 301 62
461 111 38
461 48 42
461 304 29
461 882 58
461 627 89
461 819 54
461 533 77
461 86 100
461 374 77
461 126 90
462 608 88
462 737 45
462 132 68
462 36 68
462 746 15
462 876 14
462 943 13
462 542 44
463 416 99
463 770 30
463 92 35
463 848 68
463 444 39
464 227 58
464 327 15
464 813 52
464 465 31
464 723 5
464 666 72
464 472 30
464 474 86
464 827 59
464 157 88
465 545 12
465 782 23
465 559 54
465 464 31
465 828 64
466 196 40
466 488 95
466 780 73
466 301 1
466 949 85
466 822 92
467 160 70
467 678 86
467 230 7
467 108 21
467 78 25
467 497 67
467 500 40
467 727 42
467 924 37
468 168 30
468 777 77
468 80 90
468 403 63
468 724 51
468 437 28
469 256 91
469 486 5
469 648 54
469 938 80
469 626 39
469 221 92
470 773 73
470 166 6
470 784 95
470 211 8
470 886 65
470 287 53
471 592 34
471 768 94
471 460 62
471 7 72
472 288 33
472 993 75
472 107 44
472 464 30
472 950 16
473 993 31
473 34 19
473 73 91
473 210 59
473 914 30
473 819 44
473 665 60
473 955 14
474 961 70
474 298 24
474 749 33
474 464 86
474 850 2
474 599 79
475 384 14
475 997 80
475 272 70
475 703 15
475 757 94
475 917 22
475 635 82
475 863 35
476 320 8
476 257 57
476 739 16
476 646 75
476 584 24
476 169 84
476 395 56
476 108 65
476 813 12
476 25 33
477 32 25
477 99 75
477 995 6
477 71 51
477 360 18
477 330 17
477 972 38
477 628 17
477 21 10
477 374 39
477 566 51
477 219 54
477 125 85
478 647 90
478 442 52
478 237 91
478 487 12
479 407 3
479 390 45
479 903 92
479 296 80
479 170 98
479 270 71
479 303 59
479 308 63
479 118 26
479 86 53
480 258 94
480 579 51
480 356 82
480 870 94
480 939 8
480 109 64
480 749 8
480 688 94
480 822 92
481 225 74
481 868 33
481 233 94
481 393 35
481 304 64
481 152 27
482 161 3
482 675 100
482 972 61
482 943 66
482 433 55
482 658 57
482 21 21
482 725 56
482 215 89
482 950 11
482 26 14
482 28 20
483 736 51
483 195 100
483 649 32
483 746 37
483 122 37
483 190 62
484 330 84
484 851 74
484 309 48
485 192 94
485 833 85
485 997 34
485 969 67
485 266 76
485 844 22
485 305 69
485 180 20
485 216 44
485 602 56
486 384 2
486 197 5
486 837 17
486 942 24
486 751 58
486 658 50
486 755 28
486 469 5
486 312 73
486 602 10
486 62 14
486 991 61
487 513 1
487 5 27
487 77 63
487 175 25
487 912 22
487 82 14
487 309 15
487 442 59
487 795 17
487 668 9
487 157 98
487 478 12
488 993 2
488 450 43
488 258 79
488 905 16
488 466 95
488 856 68
489 636 10
489 898 14
489 455 87
489 648 81
489 716 31
489 28 42
489 112 26
489 401 21
489 563 23
489 276 79
489 793 36
489 156 76
489 895 78
490 704 17
490 742 98
490 431 72
490 943 95
490 976 50
490 20 41
490 794 44
491 292 83
491 518 54
491 200 35
491 945 3
491 567 73
491 441 16
492 864 49
492 580 56
492 649 58
492 330 71
492 596 15
492 217 47
492 603 30
492 766 37
493 64 96
493 986 36
493 260 98
493 972 51
493 527 62
493 912 60
493 339 24
493 538 44
494 552 32
494 689 48
494 49 74
494 308 49
494 25 7
495 227 64
495 291 48
495 333 54
495 366 81
495 334 68
495 818 69
495 758 43
495 375 100
495 760 15
495 282 49
495 62 32
496 393 14
496 909 87
496 334 45
496 975 56
496 144 15
496 665 97
496 922 14
497 467 67
497 757 14
497 438 47
497 666 59
497 412 2
497 765 87
498 224 22
498 320 69
498 576 44
498 871 27
498 307 3
498 121 82
499 292 100
499 773 14
499 964 12
499 744 69
499 714 61
499 240 54
499 145 56
499 594 42
499 922 64
500 97 63
500 677 72
500 40 75
500 457 66
500 975 87
500 435 77
500 404 59
500 467 40
500 795 25
501 771 38
501 231 17
501 527 48
501 274 83
501 979 26
501 694 32
501 984 37
502 672 38
502 578 86
502 457 5
502 411 89
502 219 43
503 454 36
503 80 20
503 210 10
503 157 41
503 987 29
503 797 35
504 581 22
504 558 83
504 114 68
504 181 55
504 118 89
504 565 57
504 538 78
504 219 67
504 699 75
504 926 39
505 424 77
505 410 4
505 741 47
505 535 10
506 384 79
506 142 68
506 145 88
506 564 25
506 221 24
506 94 5
507 800 51
507 231 85
507 782 40
507 431 38
507 627 32
507 340 1
507 820 12
507 630 99
508 672 1
508 4 39
508 39 73
508 906 7
508 368 45
508 880 2
508 635 12
508 316 95
509 294 75
509 226 87
509 246 95
510 48 47
510 290 59
510 971 61
511 770 98
511 70 30
511 40 92
511 776 69
511 778 19
511 174 90
511 847 94
511 349 18
511 30 87
511 607 38
512 868 33
512 711 84
512 424 70
512 455 77
512 839 29
512 817 39
512 978 96
512 667 94
512 990 21
513 160 30
513 576 89
513 804 24
513 487 1
513 74 20
513 364 81
513 975 19
513 634 17
514 38 43
514 73 86
514 426 6
514 875 53
514 952 82
514 600 46
514 988 5
515 832 27
515 322 96
515 675 36
515 707 24
515 581 75
515 806 78
515 905 50
515 780 26
515 653 18
515 815 48
515 249 18
515 570 88
516 134 2
516 200 50
516 624 38
516 212 63
516 86 6
516 854 1
517 207 1
517 787 61
517 565 8
517 984 19
517 280 10
517 378 12
517 958 2
518 771 82
518 874 8
518 491 54
518 877 80
518 400 86
518 401 21
518 347 97
518 700 84
519 192 55
519 740 84
519 72 40
519 426 47
519 842 49
519 973 67
519 664 66
519 735 36
520 801 48
520 834 67
520 707 83
520 68 44
520 293 37
520 200 2
520 330 28
520 364 44
520 78 45
520 432 40
520 799 3
520 727 47
520 601 66
520 895 45
521 288 14
521 615 92
521 765 33
521 554 42
521 143 76
521 52 37
521 246 59
521 284 83
521 317 37
522 170 39
522 11 66
522 205 2
522 653 59
522 943 39
522 209 73
522 148 33
522 788 35
522 790 65
522 23 58
522 377 98
522 343 60
523 35 58
523 931 8
523 453 98
523 529 27
523 563 65
523 821 2
523 246 8
523 60 17
523 604 27
524 384 8
524 353 6
524 449 60
524 231 12
524 396 91
524 240 12
524 178 15
524 275 4
524 310 20
524 823 36
524 155 99
524 637 18
524 446 5
525 609 73
525 387 34
525 269 52
525 86 62
525 415 82
526 769 24
526 582 42
526 359 5
526 743 96
526 810 84
526 267 6
526 395 96
526 16 92
526 848 70
526 735 42
526 820 8
526 831 26
526 122 43
526 990 29
526 415 45
527 672 58
527 584 37
527 493 62
527 177 91
527 82 52
527 305 12
527 501 48
528 69 71
528 358 20
528 316 100
528 668 86
528 989 92
528 927 83
529 129 22
529 578 55
529 170 36
529 523 27
529 408 86
529 30 42
530 359 80
530 552 63
530 873 35
530 745 74
530 757 37
530 182 55
530 758 45
531 768 84
531 198 49
531 39 79
531 776 57
531 744 75
531 267 55
531 821 44
531 791 60
532 993 6
532 387 100
532 326 5
532 455 90
532 843 24
532 817 87
532 753 98
532 87 19
532 601 53
532 154 11
532 347 5
533 864 56
533 804 87
533 101 73
533 133 29
533 392 44
533 461 77
533 399 76
533 631 31
533 989 8
534 992 44
534 768 10
534 580 73
534 44 66
534 148 15
534 856 37
534 89 30
534 796 99
535 578 15
535 505 10
535 343 63
535 121 59
535 989 5
536 864 61
536 609 19
536 923 76
536 171 11
536 333 69
536 849 24
536 723 52
536 667 80
536 159 11
537 3 98
537 649 16
537 301 93
537 429 32
537 340 76
537 949 51
537 984 26
537 764 16
537 158 31
538 641 1
538 743 1
538 493 44
538 175 85
538 16 73
538 148 53
538 854 35
538 791 40
538 504 78
538 249 51
538 637 77
539 417 99
539 36 10
539 678 29
539 266 1
539 751 64
539 406 57
539 892 78
540 208 75
540 702 7
540 294 9
540 623 64
541 224 81
541 571 15
541 772 95
541 5 99
542 900 36
542 614 10
542 462 44
542 434 11
542 786 74
542 124 64
542 349 46
543 593 91
543 361 43
543 460 10
543 247 61
544 779 12
544 752 11
544 17 53
544 660 57
544 888 9
544 596 51
544 440 52
544 377 99
545 260 75
545 461 81
545 272 32
545 465 12
545 634 88
546 737 74
546 259 1
546 551 47
546 568 13
546 111 94
546 47 33
546 725 31
546 280 6
546 957 99
547 642 16
547 291 31
547 868 87
547 6 98
547 716 34
547 721 24
547 946 100
547 275 18
547 150 24
548 33 81
548 962 32
548 358 41
548 810 87
548 950 39
548 793 55
549 162 55
549 621 99
549 273 58
549 913 35
549 565 57
549 567 53
549 57 46
549 794 53
549 831 36
550 875 67
550 971 29
550 910 62
550 916 52
550 413 32
551 97 38
551 546 47
551 933 29
551 646 35
551 551 77
551 716 93
551 784 3
551 594 94
551 185 99
551 410 30
551 764 21
552 578 87
552 675 56
552 359 80
552 425 13
552 173 45
552 238 48
552 494 32
552 530 63
552 919 27
552 248 62
552 954 80
553 329 14
553 361 8
553 243 95
553 277 59
553 824 12
553 185 13
554 376 69
554 101 35
554 423 92
554 647 36
554 521 42
554 560 24
554 690 92
554 307 45
554 184 44
554 27 42
554 351 40
555 9 23
555 14 9
555 177 91
555 338 38
555 342 93
556 416 92
556 672 90
556 993 47
556 291 33
556 332 90
556 461 63
557 673 24
557 866 61
557 35 45
557 580 7
557 708 7
557 426 78
557 43 25
557 82 88
557 690 88
557 126 4
558 129 99
558 355 25
558 933 76
558 39 83
558 137 26
558 138 35
558 623 4
558 149 14
558 374 34
558 761 27
558 504 83
558 665 20
558 91 18
558 889 66
559 838 79
559 937 10
559 465 54
559 883 87
559 563 19
559 149 87
559 189 47
559 286 25
560 360 79
560 554 24
560 910 16
560 821 12
560 151 89
560 248 24
560 58 32
560 763 97
561 832 42
561 609 65
561 100 2
561 292 6
561 102 33
561 644 96
561 872 83
561 300 39
561 692 54
561 661 31
561 222 8
562 5 76
562 669 19
562 718 9
562 342 52
562 731 96
562 29 79
563 32 16
563 227 2
563 616 25
563 489 23
563 202 82
563 523 65
563 939 68
563 559 19
563 242 26
563 948 39
563 699 85
564 385 26
564 706 14
564 805 12
564 677 77
564 842 51
564 237 77
564 144 65
564 752 5
564 210 34
564 787 93
564 87 52
564 506 25
565 897 36
565 322 50
565 549 57
565 517 8
565 169 1
565 884 93
565 504 57
566 961 20
566 934 57
566 751 81
566 15 80
566 849 64
566 787 49
566 477 51
566 190 17
567 579 74
567 549 53
567 395 39
567 140 86
567 237 14
567 491 73
567 893 68
567 954 89
567 891 22
567 700 87
567 637 51
567 670 79
567 63 74
568 546 13
568 387 18
568 356 12
568 148 10
568 437 46
568 122 94
568 155 26
569 353 70
569 605 63
569 133 48
569 166 58
569 298 39
569 396 73
569 812 70
569 822 6
569 29 8
570 896 14
570 771 41
570 515 88
570 242 87
570 213 67
570 665 63
571 321 43
571 998 19
571 615 68
571 776 14
571 362 42
571 43 5
571 908 8
571 815 74
571 699 84
571 541 15
572 674 23
572 3 18
572 902 87
572 980 21
572 798 40
573 320 85
573 707 20
573 812 21
573 845 99
573 716 85
573 755 11
573 855 53
573 314 93
574 102 72
574 294 90
574 588 76
574 367 80
574 848 71
574 762 28
574 94 27
575 618 66
575 197 32
576 513 89
576 773 50
576 43 100
576 748 69
576 877 74
576 593 80
576 498 44
576 787 56
576 246 28
576 671 27
577 643 87
577 132 11
577 453 2
577 69 75
577 804 91
577 652 80
577 822 54
578 736 20
578 229 60
578 455 25
578 552 87
578 781 70
578 529 55
578 436 49
578 502 86
578 535 15
578 987 94
578 638 95
578 63 82
579 480 51
579 32 100
579 802 39
579 100 96
579 452 28
579 44 68
579 142 1
579 974 36
579 210 18
579 435 57
579 567 74
579 408 53
579 91 38
580 642 54
580 843 45
580 492 56
580 557 7
580 534 73
580 598 21
580 762 96
580 190 30
581 1 58
581 515 75
581 676 50
581 876 8
581 783 35
581 850 30
581 926 91
581 504 22
581 62 4
581 191 2
582 803 52
582 680 88
582 526 42
582 210 72
582 405 47
582 987 58
582 605 18
582 446 34
583 0 83
583 265 74
583 909 82
583 624 26
583 50 60
583 989 100
584 354 13
584 99 75
584 446 40
584 101 2
584 930 23
584 814 55
584 527 37
584 305 29
584 244 12
584 628 94
584 476 24
584 60 58
584 733 38
584 382 83
585 416 10
585 993 23
585 235 57
585 628 37
585 87 88
586 329 76
586 10 56
586 969 94
586 302 2
586 143 55
586 411 62
586 317 89
587 835 9
587 964 8
587 168 40
587 713 1
587 819 93
587 602 23
587 605 70
588 897 6
588 139 68
588 303 82
588 115 51
588 755 31
588 956 80
588 574 76
589 384 98
589 35 51
589 612 90
589 874 27
589 174 26
589 404 29
589 213 41
589 438 74
589 119 14
589 58 22
589 252 68
589 319 51
590 384 57
590 67 69
590 101 52
590 838 87
590 313 57
590 345 75
590 617 14
590 808 17
590 872 54
590 271 50
590 342 42
590 25 94
591 373 47
591 53 40
591 117 64
591 760 77
591 214 23
592 448 35
592 994 46
592 646 86
592 263 45
592 471 34
592 635 50
593 576 80
593 648 28
593 745 65
593 845 2
593 432 16
593 275 68
593 180 34
593 953 8
593 956 69
593 543 91
594 961 47
594 551 94
594 426 28
594 683 9
594 814 80
594 19 46
594 211 44
594 499 42
594 983 78
594 732 99
595 64 80
595 833 23
595 35 67
595 164 83
595 165 96
595 7 75
595 361 5
595 29 15
596 544 51
596 833 57
596 387 49
596 356 97
596 645 54
596 676 91
596 618 52
596 492 15
596 941 12
596 51 46
596 344 2
597 640 12
597 705 68
597 283 52
597 7 26
598 580 21
598 644 11
598 933 19
598 299 76
598 431 12
598 344 32
598 251 73
599 448 90
599 99 34
599 68 13
599 877 13
599 110 67
599 176 17
599 755 3
599 474 79
599 890 2
600 129 23
600 514 46
600 852 22
600 967 92
601 256 47
601 608 30
601 770 28
601 802 27
601 835 69
601 133 50
601 645 90
601 7 48
601 520 66
601 883 54
601 532 53
602 931 33
602 485 56
602 486 10
602 840 74
602 587 23
603 195 61
603 839 83
603 492 30
603 95 69
603 351 76
604 619 83
604 523 27
604 262 62
605 3 39
605 582 18
605 8 52
605 328 11
605 873 49
605 587 70
605 811 89
605 406 71
605 279 50
605 569 63
605 637 24
605 286 92
606 6 89
606 684 59
606 653 37
606 141 18
606 210 72
606 375 97
607 614 45
607 6 13
607 104 75
607 135 62
607 978 4
607 662 86
607 829 81
607 511 38
608 258 36
608 619 23
608 877 12
608 462 88
608 687 99
608 312 46
608 601 30
608 378 21
609 344 85
609 9 69
609 536 19
609 972 82
609 525 73
609 15 96
609 561 65
609 627 13
609 788 88
609 759 72
609 312 53
609 441 42
610 932 51
610 138 100
610 623 88
610 435 24
610 634 22
610 443 18
611 962 9
611 614 74
611 711 25
611 839 22
611 889 6
611 412 61
612 32 61
612 67 74
612 198 5
612 296 55
612 589 90
612 632 37
612 761 84
613 235 7
613 619 55
613 722 67
613 148 38
613 442 72
613 635 63
613 990 14
613 831 11
614 611 74
614 326 38
614 70 16
614 294 88
614 327 86
614 270 77
614 607 45
614 892 22
614 542 10
614 127 22
615 672 68
615 835 77
615 326 48
615 295 69
615 521 92
615 299 31
615 139 57
615 972 58
615 367 82
615 671 89
615 727 93
615 571 68
615 383 60
616 792 41
616 800 8
616 563 25
616 669 68
617 258 44
617 392 11
617 590 14
617 273 40
617 305 95
617 946 56
617 20 89
617 824 62
617 93 51
618 642 92
618 931 90
618 238 27
618 207 73
618 176 94
618 596 52
618 187 91
618 575 66
619 608 23
619 225 60
619 613 55
619 718 34
619 852 69
619 693 16
619 281 50
619 604 83
620 993 24
620 226 32
620 903 1
620 935 68
620 879 53
620 854 13
620 760 55
621 99 2
621 964 56
621 549 99
621 40 46
621 425 54
621 328 17
621 684 19
621 17 62
621 790 39
622 641 92
622 387 35
622 39 67
622 778 64
622 908 31
622 752 87
622 156 98
622 191 48
623 865 79
623 610 88
623 450 25
623 390 43
623 70 61
623 988 85
623 558 4
623 149 32
623 151 68
623 540 64
623 733 39
624 100 75
624 516 38
624 742 100
624 583 26
624 957 31
624 114 69
624 402 60
624 183 94
624 763 13
624 699 99
625 836 89
625 72 15
625 845 68
625 944 77
625 883 45
625 312 42
625 921 24
626 803 91
626 105 45
626 270 28
626 176 90
626 626 51
626 469 39
626 441 37
627 321 53
627 609 13
627 292 84
627 421 38
627 261 55
627 676 60
627 875 100
627 461 89
627 945 38
627 917 45
627 507 32
628 674 24
628 292 83
628 584 94
628 585 37
628 747 50
628 13 95
628 366 3
628 143 86
628 852 41
628 280 5
628 477 17
628 159 38
629 673 26
629 995 73
629 229 38
629 297 24
629 272 40
629 149 89
629 118 90
629 56 92
630 98 25
630 923 77
630 113 64
630 947 14
630 376 68
630 507 99
630 894 18
631 712 95
631 533 31
631 949 73
632 290 7
632 708 68
632 612 37
633 320 51
633 264 78
633 74 71
633 140 100
633 281 90
634 513 17
634 610 22
634 226 89
634 228 39
634 545 88
634 938 79
634 365 74
634 855 76
634 377 88
634 698 28
634 796 67
635 97 77
635 613 63
635 714 18
635 717 38
635 334 22
635 592 50
635 20 39
635 475 82
635 508 12
636 740 16
636 230 24
636 489 10
636 10 67
636 907 72
636 300 65
636 205 70
636 141 42
636 92 88
637 673 38
637 452 72
637 777 93
637 759 90
637 524 18
637 144 24
637 432 79
637 538 77
637 180 55
637 182 48
637 567 51
637 726 87
637 186 87
637 605 24
637 286 55
638 578 95
638 819 47
638 729 53
638 700 91
638 223 94
639 354 96
639 770 11
639 965 80
639 458 59
639 176 18
639 759 94
640 256 34
640 457 34
640 266 10
640 47 47
640 856 83
640 597 12
640 663 64
640 152 83
640 217 97
640 414 64
640 927 91
641 229 25
641 710 73
641 46 14
641 431 58
641 208 50
641 622 92
641 847 88
641 538 1
642 674 25
642 547 16
642 580 54
642 618 92
642 459 78
642 308 27
642 248 14
643 577 87
643 385 36
643 427 17
643 304 6
643 91 56
644 320 8
644 966 83
644 561 96
644 946 4
644 435 33
644 789 8
644 598 11
644 984 94
644 57 40
644 895 6
645 6 89
645 679 89
645 329 92
645 377 44
645 108 12
645 173 66
645 47 55
645 305 65
645 818 56
645 596 54
645 918 39
645 601 90
645 795 6
646 803 81
646 551 35
646 359 20
646 206 99
646 592 86
646 784 9
646 889 37
646 476 75
647 100 31
647 901 50
647 554 36
647 107 80
647 778 95
647 846 80
647 657 31
647 404 20
647 890 32
647 220 12
647 445 34
647 478 90
648 868 8
648 744 38
648 489 81
648 461 2
648 925 49
648 335 8
648 593 28
648 402 86
648 947 80
648 469 54
648 220 8
648 253 81
649 483 32
649 260 13
649 5 97
649 453 64
649 931 50
649 492 58
649 941 3
649 910 28
649 662 27
649 248 72
649 537 16
649 383 7
650 832 57
650 706 65
650 802 26
650 687 83
650 368 71
650 17 54
650 114 100
650 24 73
650 667 38
650 412 60
651 160 77
651 963 91
651 78 37
651 378 9
651 223 26
652 577 80
652 131 82
652 46 80
652 403 19
652 659 46
652 730 16
652 284 47
652 445 54
653 257 81
653 515 18
653 327 61
653 522 59
653 330 12
653 236 59
653 702 24
653 971 30
653 916 51
653 309 75
653 313 5
653 606 37
654 760 55
654 323 6
654 892 31
654 996 52
655 873 72
655 107 44
655 15 13
655 918 68
655 857 35
655 444 47
656 321 5
656 195 21
656 967 53
656 392 20
656 878 32
656 815 72
656 413 7
657 771 24
657 388 49
657 995 88
657 647 31
657 301 37
657 112 8
657 786 89
657 947 13
657 858 72
657 446 34
658 482 57
658 36 98
658 486 50
658 394 48
658 761 65
659 36 89
659 669 90
659 136 5
659 297 4
659 138 29
659 652 46
659 338 61
659 244 92
659 345 18
659 445 30
660 544 57
660 674 14
660 5 35
660 716 62
660 47 48
660 885 26
660 351 66
661 200 38
661 236 72
661 561 31
661 214 15
661 376 52
662 864 75
662 800 38
662 964 37
662 649 27
662 94 94
662 607 86
663 192 60
663 640 64
663 864 66
663 42 33
663 379 67
663 53 87
663 406 46
663 343 30
663 694 35
663 411 2
664 519 66
664 873 60
664 394 70
664 782 67
664 367 22
664 277 71
665 229 37
665 166 19
665 236 47
665 558 20
665 496 97
665 473 60
665 570 63
665 220 4
665 862 42
665 922 75
666 288 30
666 964 60
666 679 94
666 843 17
666 141 7
666 14 10
666 845 95
666 464 72
666 497 59
666 184 63
667 512 94
667 321 48
667 650 38
667 206 39
667 143 88
667 879 35
667 401 94
667 536 80
667 218 73
668 675 51
668 934 35
668 487 9
668 936 61
668 528 86
668 305 16
668 83 65
669 896 85
669 963 32
669 999 13
669 616 68
669 398 56
669 750 28
669 562 19
669 659 90
669 282 87
669 734 53
670 0 52
670 837 62
670 202 54
670 303 26
670 342 87
670 567 79
670 827 24
671 576 27
671 29 53
671 302 97
671 615 89
672 803 39
672 454 95
672 167 53
672 615 68
672 966 54
672 556 90
672 527 58
672 975 16
672 308 49
672 502 38
672 888 73
672 508 1
672 733 81
672 382 82
673 416 3
673 323 32
673 637 38
673 940 64
673 557 24
673 629 26
673 119 61
673 445 100
674 384 34
674 642 25
674 101 25
674 71 17
674 776 69
674 109 22
674 881 6
674 628 24
674 660 14
674 572 23
674 445 93
675 482 100
675 515 36
675 870 53
675 828 57
675 552 56
675 241 4
675 19 84
675 852 73
675 668 51
676 581 50
676 333 39
676 785 43
676 338 27
676 627 60
676 596 91
676 758 68
676 119 49
676 285 27
677 65 24
677 801 100
677 199 28
677 845 40
677 500 72
677 564 77
678 386 98
678 166 26
678 113 23
678 211 8
678 467 86
678 215 62
678 314 77
678 539 29
678 381 5
679 705 82
679 645 89
679 333 23
679 144 50
679 342 57
679 666 94
679 155 13
680 582 88
680 230 16
680 296 26
680 748 7
680 340 21
680 415 77
681 64 22
681 928 41
681 2 40
681 786 94
681 84 42
681 727 51
681 152 6
681 698 79
681 94 54
682 928 41
682 10 12
682 836 68
682 110 82
683 258 100
683 196 77
683 786 60
683 594 9
683 851 70
683 383 65
684 65 54
684 907 9
684 621 19
684 910 46
684 401 94
684 82 45
684 51 64
684 180 79
684 788 55
684 850 20
684 983 44
684 785 73
684 920 7
684 959 95
684 123 33
684 606 59
684 383 17
685 896 16
685 931 33
685 199 36
685 711 88
685 809 83
685 81 85
685 188 5
685 401 62
685 54 46
685 121 14
685 124 86
685 63 39
686 262 96
686 749 10
686 984 21
686 442 31
686 93 11
686 350 31
687 608 99
687 2 66
687 99 92
687 165 12
687 901 65
687 409 58
687 650 83
687 878 9
687 280 29
687 89 29
687 218 9
688 480 94
688 963 60
688 333 21
688 720 23
688 982 79
688 120 95
689 160 22
689 98 90
689 267 39
689 494 48
689 111 12
689 405 24
689 185 46
689 349 41
690 554 92
690 268 100
690 557 88
690 430 29
690 793 83
690 377 90
690 762 83
691 104 93
691 768 33
691 910 4
692 272 92
692 561 54
692 145 86
692 720 6
692 341 35
692 920 100
692 442 59
693 700 25
693 619 16
693 371 49
693 93 42
693 756 7
693 89 6
693 346 5
693 444 84
693 381 50
694 738 69
694 292 55
694 836 36
694 82 90
694 501 32
694 663 35
695 256 53
695 291 30
695 413 90
695 39 94
696 774 91
696 903 86
696 7 45
696 875 73
696 176 55
696 914 56
696 915 91
696 760 65
697 736 92
697 930 97
697 871 45
697 109 53
697 311 56
697 253 97
698 390 7
698 134 68
698 681 79
698 817 6
698 884 10
698 374 26
698 889 15
698 634 28
698 414 48
699 327 44
699 969 73
699 175 86
699 624 99
699 145 46
699 943 13
699 403 39
699 563 85
699 919 25
699 504 75
699 571 84
699 764 58
699 95 64
700 518 84
700 693 25
700 567 87
700 316 33
700 638 91
701 217 16
701 449 91
702 322 25
702 324 64
702 653 24
702 141 11
702 540 7
703 796 53
703 455 42
703 41 49
703 425 90
703 332 64
703 177 6
703 946 44
703 55 16
703 151 9
703 475 15
703 220 54
703 253 52
704 490 17
704 236 14
704 951 42
705 130 66
705 679 82
705 232 16
705 597 68
705 54 35
705 348 25
705 446 55
706 706 84
706 3 38
706 227 3
706 394 2
706 650 65
706 919 38
706 564 14
706 852 9
706 375 90
707 225 63
707 515 24
707 899 48
707 520 83
707 849 6
707 986 26
707 220 91
707 573 20
708 292 86
708 391 56
708 396 51
708 557 7
708 12 98
708 306 47
708 632 68
708 985 75
709 864 96
709 882 100
709 835 89
710 249 100
710 641 73
711 512 84
711 962 72
711 611 25
711 685 88
711 728 6
711 440 51
711 122 82
711 892 83
712 941 21
712 45 49
712 182 35
712 631 95
712 348 97
713 184 50
713 74 37
713 587 1
713 967 53
714 225 14
714 771 31
714 393 33
714 78 75
714 175 21
714 943 34
714 499 61
714 276 90
714 635 18
714 286 78
714 799 24
715 742 42
715 967 51
715 203 32
715 300 99
715 332 14
715 862 41
715 982 79
715 409 17
715 158 33
716 994 57
716 3 23
716 547 34
716 70 64
716 551 93
716 934 74
716 489 31
716 660 62
716 827 1
716 573 85
717 449 91
717 133 46
717 933 29
717 136 34
717 104 1
717 460 11
717 399 33
717 17 35
717 275 25
717 439 19
717 152 39
717 635 38
717 446 4
718 451 32
718 836 7
718 165 29
718 868 72
718 362 49
718 619 34
718 562 9
718 378 28
718 924 28
718 319 59
719 161 20
719 782 2
719 113 6
719 309 22
719 380 17
720 384 58
720 930 35
720 688 23
720 980 53
720 692 6
720 987 41
721 865 34
721 547 24
721 144 71
721 85 57
721 726 55
721 829 73
721 350 85
721 863 4
722 613 67
722 115 10
722 365 50
723 464 5
723 403 26
723 150 96
723 536 52
723 59 80
723 925 72
724 195 90
724 838 88
724 968 40
724 427 64
724 847 40
724 468 51
724 342 36
724 918 9
724 248 39
724 443 88
724 956 7
725 265 31
725 482 56
725 771 54
725 546 31
726 993 3
726 902 19
726 967 23
726 746 56
726 721 55
726 24 46
726 59 64
726 637 87
726 894 79
726 255 91
727 742 38
727 615 93
727 520 47
727 681 51
727 235 74
727 139 14
727 467 42
727 148 93
727 308 32
727 188 87
728 248 13
728 994 99
728 711 6
728 269 59
728 302 75
728 46 54
728 342 16
728 216 79
728 27 19
728 892 8
729 417 18
729 225 91
729 638 53
729 120 72
729 186 60
729 126 35
730 328 45
730 827 58
730 652 16
730 797 48
731 35 76
731 744 32
731 361 5
731 904 55
731 562 96
731 188 96
732 225 68
732 963 40
732 37 35
732 169 60
732 783 62
732 594 99
732 152 66
732 797 27
733 672 81
733 391 5
733 584 38
733 233 27
733 108 62
733 623 39
733 369 94
733 211 1
733 980 63
733 438 7
733 280 75
734 333 1
734 846 94
734 280 62
734 669 53
734 990 18
735 519 36
735 268 52
735 780 94
735 526 42
735 766 46
735 400 56
735 844 52
735 886 57
735 189 71
735 29 50
735 318 93
736 578 20
736 2 58
736 483 51
736 773 29
736 102 56
736 995 38
736 988 33
736 697 92
736 956 79
736 958 43
737 65 29
737 546 74
737 970 46
737 909 62
737 110 41
737 462 45
737 209 13
737 305 43
737 989 73
738 932 62
738 997 99
738 314 3
738 284 86
738 694 69
738 122 57
738 252 29
739 960 80
739 360 92
739 988 33
739 347 100
739 476 16
739 831 34
740 32 98
740 636 16
740 965 89
740 519 84
740 425 76
740 202 40
740 393 78
740 380 3
740 446 9
741 394 13
741 75 85
741 332 47
741 916 8
741 505 47
741 29 33
742 69 58
742 490 98
742 427 97
742 715 42
742 846 36
742 624 100
742 819 72
742 727 38
742 826 46
742 318 7
743 260 96
743 357 8
743 325 87
743 526 96
743 814 28
743 979 41
743 538 1
743 922 27
744 896 59
744 97 72
744 2 24
744 295 38
744 456 61
744 648 38
744 267 94
744 12 37
744 109 59
744 878 5
744 499 69
744 531 75
744 406 89
744 88 80
744 250 97
744 731 32
745 164 83
745 970 7
745 270 70
745 593 65
745 530 74
745 760 71
745 249 55
745 220 66
745 830 75
746 224 4
746 483 37
746 200 60
746 876 48
746 462 15
746 277 48
746 726 56
746 918 32
746 90 48
747 35 10
747 899 71
747 198 44
747 934 78
747 305 32
747 628 50
747 349 62
748 576 69
748 36 69
748 997 69
748 680 7
748 169 75
748 139 56
748 14 70
749 480 8
749 805 24
749 874 60
749 686 10
749 304 98
749 368 12
749 405 14
749 474 33
750 138 60
750 267 32
750 52 31
750 820 7
750 790 40
750 183 87
750 89 63
750 156 46
750 669 28
750 862 93
751 833 23
751 486 58
751 774 53
751 142 42
751 401 80
751 307 96
751 566 81
751 314 94
751 539 64
752 544 11
752 896 93
752 297 86
752 622 87
752 975 1
752 564 5
752 376 62
752 222 80
753 37 65
753 813 63
753 755 95
753 532 98
753 343 32
754 762 47
754 252 73
754 173 43
754 342 62
755 928 99
755 486 28
755 599 3
755 588 31
755 753 95
755 52 51
755 439 21
755 573 11
756 137 1
756 52 50
756 693 7
756 999 28
757 384 33
757 809 22
757 873 83
757 497 14
757 530 37
757 306 57
757 52 13
757 475 94
758 676 68
758 424 93
758 908 25
758 495 43
758 530 45
758 317 98
759 609 72
759 148 77
759 84 39
759 214 32
759 831 8
759 952 73
759 637 90
759 639 94
760 96 31
760 772 45
760 999 25
760 745 71
760 620 55
760 654 55
760 495 15
760 591 77
760 117 94
760 375 73
760 696 65
760 91 49
760 28 7
761 963 10
761 612 84
761 106 100
761 558 27
761 658 65
761 855 20
761 830 29
762 68 70
762 580 96
762 326 63
762 754 47
762 690 83
762 182 22
762 574 28
763 166 74
763 774 81
763 938 7
763 624 13
763 560 97
764 537 16
764 699 58
764 926 27
764 551 21
765 131 30
765 521 33
765 112 89
765 497 87
765 317 31
765 93 36
765 350 88
766 769 100
766 803 63
766 196 30
766 841 93
766 364 63
766 492 37
766 780 100
766 849 50
766 441 36
766 826 15
766 735 46
767 992 80
767 899 55
767 357 88
767 230 56
767 268 94
767 275 74
767 180 21
768 906 30
768 335 77
768 531 84
768 691 33
768 534 10
768 471 94
768 122 65
769 256 6
769 453 3
769 997 15
769 805 67
769 871 49
769 173 20
769 526 24
769 16 94
769 313 51
769 890 69
769 989 57
769 766 100
770 101 34
770 294 1
770 871 46
770 73 94
770 843 14
770 207 46
770 463 30
770 639 11
770 920 69
770 601 28
770 511 98
771 451 41
771 292 5
771 518 82
771 872 58
771 202 98
771 714 31
771 397 56
771 657 24
771 501 38
771 725 54
771 570 41
772 352 12
772 772 100
772 969 48
772 812 28
772 943 4
772 977 44
772 52 70
772 760 45
772 541 95
773 576 50
773 736 29
773 204 98
773 28 63
773 338 71
773 499 14
773 470 73
773 283 65
773 156 5
774 776 25
774 169 18
774 751 53
774 783 43
774 792 98
774 696 91
774 763 81
774 383 33
775 288 46
775 37 81
775 925 26
775 152 56
775 409 7
775 794 40
775 445 85
775 959 7
776 833 51
776 674 69
776 774 25
776 48 96
776 315 41
776 531 57
776 571 14
776 30 36
776 511 69
777 129 20
777 195 83
777 99 71
777 37 71
777 6 83
777 904 98
777 106 16
777 432 53
777 339 55
777 468 77
777 405 23
777 637 93
778 257 67
778 647 95
778 936 21
778 622 64
778 89 66
778 346 18
778 511 19
779 544 12
779 459 93
779 268 99
779 854 49
779 959 14
780 897 19
780 98 90
780 515 26
780 163 9
780 457 39
780 140 55
780 466 73
780 84 5
780 309 89
780 853 82
780 24 65
780 348 29
780 766 100
780 735 94
781 578 70
781 796 28
781 789 56
782 719 2
782 465 23
782 439 62
782 664 67
782 58 76
782 507 40
782 890 72
783 4 20
783 581 35
783 166 7
783 774 43
783 937 87
783 111 41
783 848 72
783 340 38
783 246 76
783 732 62
783 798 45
784 1 93
784 646 9
784 551 3
784 138 57
784 341 80
784 470 95
784 150 13
784 88 27
784 345 50
784 859 89
785 676 43
785 684 73
785 272 99
785 404 51
785 310 41
786 259 12
786 681 94
786 683 60
786 972 3
786 657 89
786 210 35
786 307 85
786 186 10
786 542 74
786 191 26
787 96 58
787 65 55
787 576 56
787 992 31
787 132 96
787 517 61
787 900 84
787 173 56
787 979 84
787 564 93
787 853 42
787 566 49
787 57 3
788 609 88
788 167 48
788 522 35
788 939 84
788 684 55
788 176 12
788 282 6
789 130 6
789 644 8
789 781 56
789 374 78
789 894 50
789 863 11
790 326 33
790 104 63
790 522 65
790 330 39
790 109 89
790 174 33
790 621 39
790 750 40
790 147 68
791 289 50
791 271 28
791 531 60
791 245 68
791 405 7
791 408 26
791 538 40
792 353 8
792 774 98
792 616 41
792 878 33
792 276 51
792 311 43
792 124 57
792 861 34
793 548 55
793 37 85
793 489 36
793 841 91
793 690 83
793 54 82
793 316 86
793 125 60
794 2 10
794 549 53
794 775 40
794 490 44
794 884 62
794 280 54
794 957 12
795 865 64
795 645 6
795 997 47
795 487 17
795 500 25
796 781 28
796 846 82
796 534 99
796 634 67
796 703 53
797 900 49
797 10 60
797 503 35
797 730 48
797 732 27
798 389 14
798 41 17
798 783 45
798 370 34
798 946 81
798 572 40
798 343 30
798 94 41
798 348 10
798 286 30
799 520 3
799 714 24
799 939 65
799 304 46
799 222 25
799 382 69
800 390 41
800 616 8
800 12 69
800 910 57
800 367 53
800 48 76
800 411 3
800 662 38
800 507 51
800 382 31
801 291 45
801 677 100
801 167 66
801 520 48
801 397 72
801 17 31
801 860 42
802 579 39
802 294 54
802 840 42
802 650 26
802 16 46
802 601 27
802 989 44
802 159 65
803 672 39
803 646 81
803 582 52
803 626 91
803 244 33
803 213 2
803 340 97
803 153 79
803 766 63
804 513 24
804 577 91
804 898 34
804 102 72
804 137 62
804 234 50
804 533 87
804 345 53
804 860 71
804 831 54
805 193 70
805 769 67
805 454 96
805 749 24
805 372 89
805 564 12
806 515 78
806 172 5
806 978 24
806 149 41
806 150 35
806 30 98
806 287 92
807 387 73
807 174 80
807 336 28
807 852 94
807 919 33
807 153 38
807 285 31
808 288 43
808 351 35
808 364 44
808 590 17
808 308 77
808 382 89
808 95 4
809 962 80
809 131 1
809 38 35
809 138 100
809 685 83
809 211 48
809 757 22
809 190 12
809 189 80
809 94 72
809 95 41
810 548 87
810 277 48
810 526 84
810 63 66
811 261 24
811 975 20
811 950 29
811 347 45
811 605 89
812 832 89
812 772 28
812 837 96
812 70 84
812 840 66
812 106 38
812 299 43
812 61 13
812 569 70
812 573 21
813 936 93
813 46 33
813 464 52
813 753 63
813 923 74
813 476 12
814 384 100
814 964 43
814 743 28
814 584 55
814 840 49
814 398 8
814 594 80
814 983 83
814 916 31
814 895 13
814 344 86
814 857 83
814 26 17
814 415 56
815 449 24
815 226 56
815 515 48
815 167 75
815 841 82
815 656 72
815 991 28
815 571 74
815 926 83
815 95 46
816 70 92
816 138 81
816 143 66
816 912 50
816 178 84
816 436 7
816 281 31
817 512 39
817 393 94
817 368 30
817 81 18
817 532 87
817 698 6
818 129 50
818 836 63
818 645 56
818 495 69
818 979 8
818 95 4
819 257 77
819 742 72
819 587 93
819 461 54
819 913 40
819 473 44
819 638 47
820 261 89
820 968 23
820 333 37
820 526 8
820 750 7
820 145 57
820 917 73
820 858 71
820 507 12
821 231 51
821 523 2
821 47 83
821 560 12
821 531 44
821 892 78
822 480 92
822 577 54
822 35 54
822 302 91
822 466 92
822 148 6
822 375 25
822 569 6
822 190 85
823 362 6
823 524 36
823 973 8
823 912 51
823 370 4
823 404 88
823 376 8
823 895 36
824 964 98
824 553 12
824 617 62
824 940 83
824 148 19
824 408 78
824 319 17
825 35 96
825 968 91
825 969 50
825 940 54
825 983 12
826 290 40
826 324 67
826 742 46
826 74 85
826 973 100
826 400 63
826 944 34
826 435 34
826 92 49
826 766 15
827 867 27
827 42 72
827 331 65
827 716 1
827 464 59
827 306 99
827 730 58
827 670 24
828 675 57
828 68 11
828 133 26
828 228 57
828 465 64
828 87 16
828 155 68
829 993 72
829 392 10
829 233 26
829 330 45
829 11 87
829 171 64
829 394 96
829 721 73
829 916 88
829 917 1
829 980 66
829 378 69
829 607 81
830 322 93
830 163 87
830 745 75
830 43 100
830 111 7
830 437 54
830 761 29
831 259 90
831 739 34
831 613 11
831 804 54
831 549 36
831 873 32
831 526 26
831 849 54
831 759 8
831 986 70
831 220 7
832 515 27
832 101 68
832 650 57
832 812 89
832 561 42
832 51 4
832 891 17
833 485 85
833 103 13
833 776 51
833 233 66
833 751 23
833 595 23
833 596 57
833 925 3
834 520 67
834 239 100
834 274 95
834 414 30
834 95 93
835 98 69
835 4 10
835 709 89
835 996 97
835 615 77
835 39 81
835 587 9
835 273 11
835 438 24
835 601 69
835 447 67
836 682 68
836 718 7
836 625 89
836 818 63
836 694 36
836 281 94
836 318 81
837 486 17
837 40 16
837 72 94
837 105 64
837 250 86
837 204 11
837 812 96
837 876 14
837 926 90
837 212 71
837 154 87
837 670 62
838 590 87
838 559 79
838 724 88
838 182 6
838 315 86
838 30 72
838 287 79
839 512 29
839 611 22
839 331 14
839 460 56
839 942 91
839 248 50
839 218 49
839 603 83
840 802 42
840 355 99
840 67 76
840 995 60
840 392 70
840 394 79
840 812 66
840 814 49
840 401 31
840 602 74
841 930 92
841 995 41
841 815 82
841 175 62
841 793 91
841 766 93
842 353 88
842 519 49
842 915 98
842 564 51
842 310 90
842 989 72
843 352 4
843 770 14
843 259 26
843 580 45
843 906 35
843 306 32
843 532 24
843 666 17
844 897 88
844 485 22
844 139 95
844 173 53
844 431 40
844 307 98
844 926 31
844 735 52
845 677 40
845 460 2
845 16 3
845 593 2
845 625 68
845 981 44
845 666 95
845 282 18
845 573 99
846 160 7
846 796 82
846 742 36
846 647 80
846 264 66
846 734 94
846 178 52
846 402 54
846 341 73
846 927 27
846 124 50
846 286 3
846 351 33
847 641 88
847 322 93
847 264 16
847 937 44
847 108 23
847 336 81
847 338 52
847 372 70
847 724 40
847 118 76
847 959 1
847 924 3
847 511 94
848 875 96
848 526 70
848 463 68
848 432 68
848 144 94
848 338 20
848 783 72
848 244 1
848 859 11
848 574 71
849 707 6
849 395 73
849 147 32
849 116 61
849 566 64
849 536 24
849 766 50
849 831 54
850 581 30
850 902 16
850 684 20
850 334 73
850 942 3
850 438 30
850 474 2
850 894 51
851 484 74
851 425 65
851 683 70
851 240 53
851 17 57
851 979 44
851 248 48
851 284 49
852 897 54
852 706 9
852 675 73
852 807 94
852 619 69
852 142 2
852 974 51
852 978 45
852 628 41
852 600 22
852 889 65
852 30 13
853 354 40
853 164 89
853 389 80
853 8 52
853 780 82
853 113 15
853 787 42
853 916 54
853 438 91
854 1 20
854 516 1
854 390 57
854 936 60
854 779 49
854 204 51
854 620 13
854 82 95
854 85 62
854 538 35
855 327 18
855 457 32
855 301 50
855 634 76
855 761 20
855 186 57
855 988 29
855 573 53
856 640 83
856 99 25
856 488 68
856 909 78
856 534 37
856 987 39
857 33 34
857 865 54
857 451 91
857 814 83
857 655 35
857 146 62
857 55 80
858 193 49
858 133 60
858 232 26
858 298 66
858 657 72
858 820 71
858 316 81
859 449 61
859 259 70
859 291 10
859 165 26
859 423 44
859 170 81
859 784 89
859 848 11
859 914 22
859 921 6
859 859 29
860 801 42
860 452 15
860 804 71
860 239 68
860 368 22
860 85 70
860 438 60
861 329 92
861 203 27
861 112 94
861 432 72
861 950 99
861 792 34
862 417 37
862 361 20
862 267 2
862 715 41
862 750 93
862 370 80
862 946 98
862 180 51
862 665 42
863 320 40
863 133 19
863 49 74
863 721 4
863 789 11
863 475 35
864 288 78
864 709 96
864 997 38
864 235 22
864 299 81
864 492 49
864 941 39
864 533 56
864 662 75
864 663 66
864 536 61
865 354 27
865 109 80
865 623 79
865 721 34
865 84 99
865 23 14
865 857 54
865 795 64
865 93 64
866 897 48
866 131 55
866 421 29
866 390 6
866 455 81
866 557 61
867 166 59
867 940 13
867 141 21
867 334 73
867 910 9
867 432 43
867 24 44
867 186 43
867 827 27
867 894 15
868 512 33
868 481 33
868 547 87
868 166 23
868 648 8
868 718 72
868 304 13
868 125 54
869 201 86
869 227 37
869 325 74
869 109 62
870 72 97
870 480 94
870 675 53
870 22 81
871 161 17
871 770 46
871 769 49
871 395 83
871 498 27
871 56 55
871 697 45
872 771 58
872 931 15
872 590 54
872 561 83
872 220 21
872 285 78
873 291 12
873 232 92
873 909 93
873 655 72
873 530 35
873 757 83
873 55 86
873 664 60
873 605 49
873 254 81
873 831 32
874 459 28
874 589 27
874 749 60
874 518 8
875 514 53
875 900 37
875 550 67
875 848 96
875 627 100
875 696 73
876 837 14
876 38 59
876 581 8
876 746 48
876 462 14
876 144 94
876 440 87
876 415 7
877 576 74
877 608 12
877 323 41
877 260 37
877 518 80
877 51 68
877 53 27
877 599 13
878 357 23
878 744 5
878 687 9
878 656 32
878 792 33
878 186 16
878 412 30
879 356 6
879 294 53
879 620 53
879 986 11
879 667 35
880 395 39
880 172 36
880 909 17
880 941 65
880 114 38
880 437 59
880 440 58
880 508 2
881 674 6
881 299 74
881 893 85
881 238 79
881 430 70
881 147 68
881 93 87
881 349 77
882 709 100
882 461 58
882 366 97
882 985 51
882 316 72
883 199 34
883 970 61
883 174 96
883 559 87
883 625 45
883 601 54
884 967 92
884 334 68
884 565 93
884 698 10
884 794 62
885 930 72
885 134 36
885 660 26
885 439 83
885 186 2
886 0 7
886 11 78
886 909 99
886 274 13
886 212 48
886 981 9
886 470 65
886 281 88
886 735 57
887 280 66
887 933 71
887 202 20
887 52 18
887 120 80
887 442 9
887 59 63
888 544 9
888 672 73
888 102 45
888 7 17
888 907 9
888 76 31
888 304 48
889 65 37
889 35 19
889 611 6
889 101 10
889 646 37
889 264 96
889 12 33
889 558 66
889 945 11
889 852 65
889 698 15
889 125 61
890 769 69
890 647 32
890 782 72
890 599 2
890 312 21
890 348 62
891 832 17
891 167 57
891 331 12
891 108 42
891 16 39
891 337 28
891 400 3
891 567 22
891 91 15
892 97 48
892 324 66
892 133 33
892 614 22
892 711 83
892 654 31
892 821 78
892 728 8
892 539 78
892 316 89
893 228 84
893 900 38
893 394 39
893 881 85
893 242 16
893 567 68
893 158 30
894 385 85
894 867 15
894 850 51
894 789 50
894 630 18
894 726 79
894 217 2
895 644 6
895 520 45
895 489 78
895 814 13
895 79 66
895 50 97
895 823 36
895 220 22
895 991 15
896 103 47
896 744 59
896 426 86
896 234 96
896 685 16
896 752 93
896 57 92
896 570 14
896 669 85
897 66 87
897 866 48
897 899 56
897 70 22
897 136 49
897 588 6
897 780 19
897 844 88
897 977 36
897 978 53
897 852 54
897 565 36
898 260 65
898 804 34
898 328 100
898 297 76
898 489 14
898 282 96
898 925 100
899 449 41
899 897 56
899 707 48
899 905 84
899 747 71
899 767 55
899 214 35
899 351 12
900 2 20
900 931 61
900 294 64
900 875 37
900 893 38
900 787 84
900 797 49
900 542 36
901 293 72
901 647 50
901 687 65
901 432 22
901 919 79
901 407 38
902 230 38
902 850 16
902 339 21
902 726 19
902 572 87
903 160 93
903 995 14
903 203 95
903 620 1
903 302 33
903 983 7
903 696 86
903 479 92
904 257 66
904 312 83
904 297 45
904 777 98
904 428 23
904 145 17
904 243 10
904 982 59
904 88 17
904 731 55
904 191 65
905 515 50
905 899 84
905 69 20
905 488 16
905 175 38
905 921 14
906 768 30
906 169 18
906 843 35
906 907 25
906 205 17
906 114 64
906 279 62
906 508 7
907 966 71
907 906 25
907 684 9
907 433 79
907 888 9
907 636 72
908 0 52
908 193 35
908 969 18
908 622 31
908 81 10
908 758 25
908 571 8
908 252 96
909 737 62
909 451 18
909 583 82
909 360 61
909 873 93
909 936 79
909 880 17
909 496 87
909 339 50
909 245 46
909 886 99
909 856 78
909 317 95
910 800 57
910 867 9
910 550 62
910 649 28
910 684 46
910 560 16
910 691 4
910 186 14
910 926 15
911 197 45
911 311 43
912 419 65
912 487 22
912 493 60
912 430 91
912 816 50
912 244 5
912 823 51
913 819 40
913 549 35
914 859 22
914 90 1
914 235 64
914 399 42
914 115 6
914 696 56
914 473 30
914 282 78
914 59 15
915 696 91
915 842 98
915 100 47
916 741 8
916 550 52
916 103 20
916 653 51
916 814 31
916 943 6
916 116 64
916 853 54
916 952 50
916 829 88
916 383 16
917 38 32
917 169 47
917 433 77
917 434 24
917 627 45
917 820 73
917 117 35
917 475 22
917 829 1
918 645 39
918 746 32
918 655 68
918 724 9
918 958 75
918 30 20
919 706 38
919 451 27
919 901 79
919 807 33
919 552 27
919 137 76
919 699 25
919 285 18
919 219 97
919 349 34
920 770 69
920 684 7
920 240 14
920 692 100
920 950 54
921 163 41
921 905 14
921 625 24
921 991 20
921 859 6
921 221 7
921 191 86
922 416 64
922 995 29
922 743 27
922 496 14
922 499 64
922 665 75
923 416 81
923 928 71
923 4 64
923 229 6
923 360 31
923 9 3
923 169 20
923 43 3
923 813 74
923 630 77
923 439 15
923 536 76
923 350 27
924 999 23
924 427 95
924 718 28
924 847 3
924 467 37
925 833 3
925 898 100
925 775 26
925 40 72
925 648 49
925 363 47
925 942 64
925 50 46
925 370 76
925 148 100
925 116 49
925 723 72
925 56 16
925 991 16
925 957 73
925 415 53
926 192 4
926 35 24
926 227 50
926 581 91
926 837 90
926 233 49
926 844 31
926 174 47
926 815 83
926 910 15
926 946 15
926 87 72
926 504 39
926 764 27
927 640 91
927 451 51
927 454 56
927 7 69
927 109 45
927 846 27
927 528 83
927 306 9
927 222 22
928 132 76
928 681 41
928 682 41
928 459 14
928 112 79
928 755 99
928 89 29
928 923 71
929 979 17
929 350 92
930 358 54
930 584 23
930 841 92
930 267 19
930 985 68
930 720 35
930 885 72
930 697 97
930 92 60
931 227 91
931 324 38
931 900 61
931 872 15
931 649 50
931 618 90
931 523 8
931 685 33
931 79 91
931 145 5
931 338 78
931 148 30
931 437 40
931 181 28
931 602 33
931 347 99
931 316 75
931 157 40
932 738 62
932 610 51
932 166 54
932 981 84
932 182 6
932 319 66
933 551 29
933 717 29
933 558 76
933 373 92
933 598 19
933 887 71
933 89 20
934 997 42
934 427 14
934 716 74
934 747 78
934 566 57
934 668 35
935 387 64
935 324 28
935 426 79
935 620 68
935 984 100
936 778 21
936 909 79
936 366 72
936 813 93
936 854 60
936 668 61
936 287 56
937 229 8
937 173 70
937 783 87
937 847 44
937 559 10
937 979 99
937 277 48
937 87 90
937 380 35
938 354 68
938 469 80
938 375 66
938 634 79
938 379 16
938 763 7
939 480 8
939 289 31
939 173 57
939 15 48
939 563 68
939 788 84
939 799 65
939 126 2
939 255 74
940 673 64
940 867 13
940 143 9
940 824 83
940 825 54
941 864 39
941 418 22
941 712 21
941 105 85
941 649 3
941 267 98
941 431 15
941 880 65
941 596 12
941 118 82
941 24 58
941 91 4
942 96 99
942 486 24
942 839 91
942 170 96
942 300 23
942 850 3
942 57 88
942 925 64
942 446 84
943 482 66
943 772 4
943 261 92
943 197 11
943 714 34
943 490 95
943 396 30
943 522 39
943 462 13
943 916 6
943 343 2
943 312 44
943 411 31
943 956 78
943 699 13
944 450 10
944 235 23
944 625 77
944 826 34
944 286 25
945 134 7
945 170 34
945 491 3
945 177 35
945 627 38
945 405 72
945 889 11
945 314 84
945 223 9
946 33 48
946 547 100
946 644 4
946 101 47
946 995 15
946 617 56
946 13 18
946 862 98
946 179 84
946 926 15
946 122 1
946 379 1
946 798 81
946 703 44
947 648 80
947 77 31
947 657 13
947 630 14
947 280 100
948 37 10
948 101 23
948 563 39
948 179 48
948 952 83
948 987 22
949 321 63
949 355 76
949 69 48
949 402 33
949 466 85
949 631 73
949 537 51
950 961 33
950 482 11
950 323 35
950 548 39
950 325 74
950 74 7
950 811 29
950 970 52
950 270 51
950 176 28
950 920 54
950 472 16
950 861 99
951 704 42
951 423 59
951 299 14
951 150 33
951 445 30
952 514 82
952 133 64
952 393 4
952 74 66
952 916 50
952 948 83
952 759 73
952 253 26
953 593 8
953 35 11
953 165 74
953 439 77
954 552 80
954 139 32
954 333 54
954 77 74
954 567 89
955 473 14
955 175 100
956 736 79
956 386 9
956 387 28
956 588 80
956 943 78
956 593 69
956 724 7
956 254 69
957 546 99
957 3 1
957 173 97
957 624 31
957 189 75
957 794 12
957 925 73
958 736 43
958 227 4
958 517 2
958 262 68
958 972 55
958 180 70
958 918 75
958 88 86
958 253 46
959 775 7
959 458 47
959 779 14
959 684 95
959 847 1
960 739 80
960 230 49
960 119 25
961 32 36
961 203 74
961 240 83
961 594 47
961 566 20
961 950 33
961 474 70
961 92 56
961 126 88
962 449 86
962 611 9
962 548 32
962 71 20
962 40 39
962 711 72
962 809 80
962 394 21
962 332 86
962 270 21
962 144 52
962 351 12
963 264 11
963 651 91
963 688 60
963 312 77
963 761 10
963 732 40
963 669 32
963 62 54
964 587 8
964 621 56
964 814 43
964 499 12
964 662 37
964 824 98
964 666 60
965 131 47
965 740 89
965 201 12
965 206 37
965 340 14
965 639 80
966 672 54
966 290 99
966 644 83
966 907 71
966 119 76
966 287 50
967 226 60
967 261 37
967 713 53
967 715 51
967 656 53
967 435 2
967 884 92
967 726 23
967 279 63
967 600 92
968 825 91
968 724 40
968 285 57
968 820 23
969 772 48
969 485 67
969 455 52
969 296 70
969 586 94
969 236 10
969 908 18
969 146 71
969 21 50
969 825 50
969 699 73
969 284 49
970 160 62
970 129 28
970 737 46
970 745 7
970 238 100
970 883 61
970 950 52
970 251 55
971 550 29
971 425 18
971 41 92
971 653 30
971 86 77
971 156 99
971 510 61
972 477 38
972 609 82
972 482 61
972 615 58
972 172 21
972 493 51
972 977 46
972 786 3
972 317 25
972 958 55
973 304 13
973 826 100
973 519 67
973 823 8
974 258 79
974 195 44
974 36 52
974 579 36
974 43 24
974 399 31
974 276 19
974 852 51
974 220 41
975 672 16
975 513 19
975 193 31
975 3 74
975 389 16
975 811 20
975 496 56
975 752 1
975 500 87
975 153 63
975 123 62
975 94 33
976 416 84
976 129 3
976 67 89
976 101 34
976 455 95
976 490 50
976 432 64
976 145 13
976 155 25
977 897 36
977 972 46
977 772 44
978 512 96
978 897 53
978 806 24
978 138 81
978 140 35
978 116 12
978 852 45
978 340 96
978 607 4
979 32 49
979 929 17
979 323 11
979 743 41
979 233 87
979 937 99
979 818 8
979 851 44
979 787 84
979 501 26
980 733 63
980 207 29
980 720 53
980 572 21
980 829 66
981 355 77
981 932 84
981 845 44
981 886 9
981 58 28
982 688 79
982 715 79
982 60 59
982 904 59
983 903 7
983 999 64
983 684 44
983 814 83
983 594 78
983 309 21
983 214 24
983 825 12
983 281 30
983 350 33
984 3 21
984 644 94
984 517 19
984 135 40
984 296 95
984 935 100
984 427 38
984 686 21
984 338 42
984 501 37
984 537 26
985 352 64
985 32 14
985 930 68
985 708 75
985 327 87
985 882 51
985 54 61
986 707 26
986 423 48
986 76 62
986 493 36
986 879 11
986 991 32
986 831 70
987 578 94
987 164 66
987 582 58
987 720 41
987 948 22
987 503 29
987 856 39
988 736 33
988 514 5
988 739 33
988 281 65
988 174 77
988 623 85
988 307 68
988 85 79
988 855 29
988 25 70
989 737 73
989 769 57
989 802 44
989 583 100
989 842 72
989 528 92
989 181 46
989 341 42
989 535 5
989 533 8
989 217 87
990 512 21
990 613 14
990 230 87
990 360 24
990 526 29
990 368 19
990 50 10
990 734 18
991 486 61
991 815 28
991 921 20
991 986 32
991 925 16
991 895 15
992 140 57
992 304 25
992 336 75
992 51 46
992 787 31
992 534 44
992 215 6
992 282 36
992 767 80
993 32 86
993 36 57
993 488 2
993 585 23
993 200 61
993 556 47
993 620 24
993 532 6
993 342 93
993 726 3
993 472 75
993 473 31
993 187 50
993 829 72
994 68 24
994 458 91
994 716 57
994 207 32
994 592 46
994 177 82
994 245 100
994 728 99
994 313 5
994 250 40
994 221 72
995 736 38
995 423 31
995 840 60
995 841 41
995 903 14
995 657 88
995 946 15
995 113 5
995 84 87
995 308 89
995 54 40
995 629 73
995 922 29
995 477 6
996 226 67
996 835 97
996 8 97
996 654 52
996 336 14
997 864 38
997 769 15
997 738 99
997 795 47
997 356 6
997 485 34
997 934 42
997 748 69
997 54 86
997 280 16
997 475 80
998 385 25
998 350 48
998 238 62
998 174 91
998 303 33
998 571 19
998 218 5
998 251 39
998 94 19
999 128 54
999 327 31
999 204 94
999 756 28
999 342 40
999 983 64
999 760 25
999 924 23
999 669 13
